0.919916
0.483788
0.283303
0.393937
0.0943824
0.541058
0.268068
0.744511
0.801938
0.557465
0.198219
0.213298
0.0919603
0.0942261
0.770295
0.977889
0.436987
0.939683
0.48535
0.990937
0.295726
0.169623
0.163607
0.989218
0.817329
0.977655
0.780842
0.504414
0.0240644
0.697554
0.687554
0.3587
0.787249
0.105711
0.9214
0.30604
0.0400031
0.315415
0.285804
0.72615
0.737245
0.461442
0.0641456
0.898351
0.118447
0.238612
0.955622
0.103211
0.589187
0.663177
0.119619
0.519337
0.131963
0.409641
0.0560981
0.704039
0.174232
0.401125
0.549496
0.889288
0.414173
0.408235
0.119228
0.0924291
0.406516
0.640831
0.900461
0.0237519
0.156028
0.107196
0.743652
0.0627393
0.961481
0.506836
0.470896
0.195328
0.454176
0.72365
0.405032
0.81858
0.143761
0.102274
0.964607
0.922103
0.274475
0.345808
0.699273
0.16595
0.550668
0.170013
0.590515
0.714665
0.58614
0.133292
0.46113
0.522619
0.317994
0.503399
0.514103
0.811392
0.688648
0.754043
0.818501
0.25838
0.957184
0.810845
0.490976
0.738417
0.742167
0.240488
0.204782
0.585358
0.279475
0.0102352
0.984999
0.00671927
0.142824
0.477694
0.223533
0.0769591
0.100945
0.913118
0.455582
0.66052
0.0166419
0.586296
0.904055
0.751309
0.830143
0.180248
0.575514
0.721384
0.728963
0.610985
0.684663
0.599578
0.418939
0.416517
0.969685
0.471912
0.705289
0.340339
0.722556
0.00968826
0.787327
0.991093
0.0664896
0.459802
0.471131
0.851473
0.889444
0.184936
0.698414
0.426752
0.954684
0.478631
0.848113
0.818033
0.94609
0.0866474
0.888273
0.904211
0.522072
0.120322
0.487772
0.437769
0.793499
0.936245
0.528557
0.607001
0.530198
0.200016
0.577076
0.429018
0.630752
0.686225
0.307212
0.320728
0.491757
0.592234
0.193062
0.778108
0.516056
0.945933
0.315884
0.598094
0.596687
0.659817
0.0482069
0.280491
0.520197
0.871162
0.00562544
0.74748
0.446441
0.0708649
0.0411751
0.59614
0.462145
0.0325807
0.204157
0.502305
0.118759
0.780139
0.535979
0.718259
0.313696
0.807407
0.534182
0.354481
0.976639
0.270881
0.618251
0.0251582
0.0928979
0.718806
0.511368
0.823033
0.610516
0.372373
0.729041
0.496367
0.829752
0.75334
0.850066
0.952574
0.573326
0.930698
0.666458
0.305649
0.613095
0.589968
0.516994
0.570513
0.0569576
0.443238
0.770216
0.0925072
0.291898
0.785921
0.054223
0.454879
0.692085
0.710837
0.202438
0.0239081
0.926791
0.397375
0.0511759
0.924994
0.0335964
0.714118
0.388468
0.117665
0.384796
0.504727
0.565591
0.277912
0.302602
0.0832096
0.931479
0.520275
0.756543
0.150715
0.901242
0.877569
0.606922
0.644816
0.0549262
0.423314
0.99789
0.0946949
0.0825846
0.848426
0.359559
0.526447
0.701695
0.612782
0.0484413
0.936636
0.955465
0.332448
0.299008
0.355653
0.257364
0.447222
0.924682
0.49207
0.13376
0.77342
0.393156
0.240566
0.0901633
0.730448
0.433237
0.441363
0.521056
0.61036
0.60161
0.438862
0.188843
0.967497
0.681225
0.642785
0.0350027
0.650988
7.81311e-05
0.885382
0.145089
0.153762
0.431127
0.536058
0.603641
0.458786
0.961169
0.96531
0.890538
0.58028
0.729666
0.57942
0.990468
0.983436
0.299086
0.241034
0.402453
0.600984
0.355809
0.0281272
0.737401
0.232206
0.354325
0.205875
0.980702
0.310727
0.162903
0.0207829
0.511524
0.593796
0.900695
0.679897
0.591296
0.568482
0.0370341
0.670912
0.772404
0.883194
0.354403
0.0912571
0.125791
0.464489
0.594031
0.55684
0.115165
0.0525822
0.861864
0.645207
0.481835
0.148762
0.766701
0.250332
0.762872
0.86663
0.653489
0.332292
0.528244
0.0654739
0.94984
0.584968
0.852567
0.284788
0.216189
0.851082
0.462536
0.459489
0.929604
0.271115
0.274396
0.460427
0.554184
0.0121885
0.119541
0.633956
0.986874
0.255879
0.624971
0.167982
0.570591
0.942339
0.588327
0.923978
0.523635
0.827955
0.389562
0.513009
0.416048
0.657395
0.601375
0.782717
0.753574
0.506211
0.387843
0.0346121
0.22408
0.274631
0.116572
0.989452
0.473474
0.412923
0.242128
0.797797
0.632237
0.508477
0.0639112
0.242206
0.683178
0.777326
0.662239
0.495039
0.778264
0.286819
0.236112
0.623408
0.460348
0.668802
0.867099
0.965779
0.202828
0.450816
0.652238
0.166185
0.206813
0.605282
0.0518009
0.0080475
0.194312
0.944214
0.837487
0.406125
0.213923
0.175014
0.254942
0.000390656
0.426908
0.725447
0.76881
0.155637
0.680288
0.0182045
0.293929
0.805844
0.826549
0.452692
0.901399
0.648332
0.897101
0.95234
0.917181
0.495429
0.205172
0.0122666
0.00492226
0.779045
0.140636
0.687007
0.161028
0.771623
0.0293773
0.903508
0.553637
0.814517
0.103914
0.557622
0.968982
0.503477
0.399484
0.956481
0.84241
0.185171
0.354559
0.86202
0.41597
0.772013
0.456286
0.628955
0.322447
0.970154
0.784202
0.575826
0.262911
0.309321
0.226033
0.409173
0.743808
0.833503
0.25166
0.81436
0.333151
0.267443
0.661458
0.641222
0.327369
0.749199
0.924838
0.262833
0.423939
0.0809438
0.255411
0.312681
0.297445
0.648019
0.355575
0.371982
0.302133
0.77092
0.0609423
0.597703
0.169779
0.93437
0.279397
0.124854
0.839909
0.852957
0.711696
0.941636
0.619892
0.618173
0.139777
0.947808
0.565044
0.0802406
0.286976
0.00687554
0.913587
0.767872
0.531057
0.939214
0.17306
0.1204
0.373154
0.582858
0.947262
0.367372
0.0646144
0.210641
0.988984
0.161184
0.542386
0.319556
0.211032
0.415892
0.886632
0.311196
0.475193
0.89132
0.434096
0.180561
0.11704
0.301742
0.344011
0.335495
0.828893
0.0141417
0.254082
0.261192
0.830924
0.0340652
0.0264083
0.259005
0.0402375
0.97156
0.721072
0.187437
0.0306274
0.0696148
0.875068
0.274709
0.00195328
0.134542
0.627237
0.84405
0.778186
0.401438
0.0910227
0.469646
0.029221
0.132745
0.263458
0.506993
0.24166
0.485507
0.7617
0.585905
0.477147
0.0258614
0.0613329
0.0246113
0.895226
0.70318
0.435034
0.805141
0.858114
0.146886
0.51754
0.768185
0.0725838
0.519572
0.788108
0.84491
0.517384
0.997422
0.782405
0.212048
0.925854
0.772795
0.310102
0.07985
0.860067
0.281428
0.144777
0.612235
0.85077
0.921009
0.879131
0.314556
0.546605
0.130166
0.045863
0.719041
0.167513
0.258301
0.0718025
0.665755
0.337214
0.30729
0.20611
0.636847
0.745996
0.624189
0.314165
0.119697
0.404719
0.277053
0.563403
0.487226
0.240097
0.777873
0.859911
0.510665
0.854598
0.304711
0.988515
0.848894
0.671849
0.396984
0.624268
0.199547
0.264786
0.558481
0.70818
0.0994609
0.0908665
0.698883
0.739042
0.825221
0.401203
0.434878
0.0343777
0.567935
0.839362
0.655286
0.69607
0.865302
0.602
0.865771
0.91429
0.736308
0.836862
0.323072
0.0532073
0.944918
0.805922
0.711931
0.597781
0.0551606
0.0794593
0.433159
0.555981
0.375967
0.456598
0.170482
0.902805
0.585202
0.508712
0.720056
0.677475
0.144464
0.0707086
0.270412
0.305961
0.154621
0.170326
0.132042
0.295023
0.201188
0.857801
0.60536
0.937183
0.153137
0.348074
0.375342
0.373545
0.00976639
0.672709
0.136183
0.220252
0.890929
0.00718806
0.455114
0.34823
0.146105
0.663724
0.31729
0.534964
0.208298
0.427533
0.808501
0.929526
0.385733
0.129307
0.306665
0.123056
0.476131
0.5159
0.17517
0.0257051
0.29057
0.734432
0.587702
0.840925
0.362919
0.597859
0.940542
0.224549
0.586921
0.987108
0.912024
0.0602391
0.629268
0.863974
0.550512
0.39925
0.300336
0.407141
0.723885
0.0611767
0.253848
0.605047
0.395656
0.572779
0.733026
0.650832
0.229315
0.595203
0.837565
0.291507
0.359012
0.328776
0.686069
0.536448
0.0305493
0.184233
0.729979
0.120947
0.570826
0.598484
0.0235956
0.385264
0.817017
0.436128
0.200484
0.889366
0.299555
0.553324
0.27299
0.523557
0.942574
0.244472
0.359247
0.984921
0.121338
0.997734
0.323932
0.792406
0.540902
0.497304
0.454332
0.494414
0.695211
0.126104
0.0060161
0.174389
0.171888
0.839675
0.196812
0.276428
0.48035
0.32651
0.0100008
0.328854
0.571451
0.681538
0.184311
0.615361
0.266036
0.724588
0.0296117
0.559653
0.988905
0.275803
0.397297
0.165794
0.779905
0.879834
0.282991
0.85241
0.514025
0.92601
0.543558
0.600281
0.387374
0.722322
0.353543
0.352059
0.529807
0.773107
0.851629
0.660208
0.475115
0.00593796
0.289007
0.026799
0.685913
0.765685
0.74037
0.876709
0.867724
0.0488319
0.363544
0.680913
0.101258
0.454645
0.0359403
0.275568
0.741152
0.730526
0.318619
0.586452
0.674818
0.0414876
0.137667
0.0425033
0.647629
0.928666
0.646535
0.533323
0.615282
0.380655
0.579498
0.87585
0.128526
0.452848
0.672162
0.938511
0.204625
0.814595
0.989296
0.702711
0.122744
0.934604
0.935542
0.560122
0.301195
0.14634
0.319869
0.752559
0.99625
0.50168
0.0357059
0.619423
0.305883
0.26924
0.0252363
0.97828
0.863896
0.66513
0.25416
0.146574
0.976014
0.187827
0.457536
0.795062
0.643878
0.430346
0.682241
0.152746
0.921166
0.649895
0.604735
0.854129
0.992421
0.117978
0.926322
0.0850848
0.180639
0.00242206
0.446832
0.497773
0.766622
0.36495
0.617783
0.712868
0.222361
0.796234
0.924603
0.606688
0.988671
0.619658
0.962028
0.704508
0.486522
0.271662
0.472068
0.476053
0.630518
0.0300805
0.871943
0.859442
0.198375
0.984061
0.382139
0.40175
0.632549
0.0500039
0.644269
0.857254
0.407688
0.921556
0.0768029
0.330182
0.622939
0.148058
0.798265
0.944527
0.379014
0.986483
0.828971
0.899523
0.399172
0.414954
0.262052
0.570123
0.630049
0.71779
0.00140636
0.93687
0.61161
0.767716
0.760294
0.649035
0.865536
0.258145
0.301039
0.375576
0.0296898
0.445035
0.133995
0.429565
0.828424
0.701852
0.383546
0.33862
0.24416
0.81772
0.404563
0.50629
0.273224
0.179702
0.377842
0.705758
0.652629
0.593093
0.93226
0.374092
0.207438
0.688335
0.212517
0.238144
0.643332
0.232674
0.666615
0.0764122
0.903274
0.897492
0.379248
0.642628
0.264239
0.360809
0.692554
0.0231268
0.0729745
0.94648
0.513556
0.61372
0.673021
0.677709
0.800609
0.505977
0.731698
0.599344
0.762794
0.981249
0.508399
0.17853
0.097117
0.529416
0.346199
0.126182
0.891398
0.319478
0.32565
0.270802
0.73287
0.880069
0.939136
0.287679
0.975311
0.219392
0.151731
0.411204
0.763732
0.605829
0.249473
0.0236737
0.270646
0.962106
0.58989
0.631612
0.425424
0.903196
0.0121103
0.234159
0.488866
0.833112
0.824752
0.0889132
0.564341
0.111806
0.98117
0.623017
0.0334401
0.943355
0.0982889
0.810141
0.522541
0.432612
0.358309
0.360341
0.380264
0.15259
0.150402
0.359716
0.297211
0.991874
0.920306
0.910696
0.00875068
0.162747
0.25002
0.221345
0.286272
0.0384405
0.607782
0.384014
0.65091
0.114696
0.740292
0.991327
0.722635
0.89507
0.932417
0.144855
0.497617
0.995859
0.0747715
0.310259
0.850613
0.150246
0.588952
0.0070318
0.68435
0.0580514
0.838581
0.801469
0.245175
0.327682
0.290726
0.505196
0.877881
0.148449
0.225174
0.669974
0.147824
0.14212
0.509259
0.917728
0.693101
0.220798
0.0886007
0.0228143
0.531448
0.366122
0.898508
0.88921
0.528791
0.263146
0.965466
0.661302
0.870459
0.0371904
0.441675
0.062583
0.190718
0.216658
0.163372
0.333073
0.382061
0.516368
0.48746
0.896242
0.213142
0.321197
0.804047
0.462771
0.115634
0.364872
0.732401
0.567779
0.0685991
0.365107
0.388546
0.00304711
0.529885
0.658489
0.996718
0.81397
0.906243
0.541995
0.892648
0.485585
0.647082
0.730995
0.630909
0.456989
0.59739
0.628252
0.354012
0.664349
0.400344
0.695679
0.438394
0.876553
0.0969607
0.758653
0.05602
0.818658
0.0291429
0.247363
0.118369
0.353231
0.810532
0.949449
0.158059
0.127119
0.515978
0.0605516
0.170795
0.444332
0.16556
0.12376
0.444566
0.821705
0.559028
0.905852
0.115087
0.167201
0.716775
0.491445
0.0507071
0.612704
0.16306
0.791546
0.801703
0.90132
0.76295
0.752012
0.798578
0.486054
0.959372
0.601531
0.553481
0.0437534
0.813735
0.250098
0.106727
0.431362
0.192203
0.0389093
0.920072
0.254551
0.573482
0.701461
0.956637
0.613173
0.47535
0.662083
0.724275
0.488085
0.979295
0.373857
0.551293
0.253067
0.751231
0.944761
0.035159
0.421752
0.290257
0.192906
0.00734432
0.225877
0.638409
0.453629
0.525979
0.389405
0.742245
0.125869
0.349871
0.73912
0.710602
0.546293
0.58864
0.465505
0.103992
0.443003
0.114071
0.657239
0.830612
0.492538
0.44605
0.643957
0.315728
0.82733
0.306508
0.352293
0.185952
0.208376
0.312915
0.95359
0.0832878
0.816861
0.665364
0.910305
0.581842
0.4373
0.481209
0.0657083
0.605985
0.020236
0.313853
0.57817
0.824361
0.662005
0.838894
0.342996
0.825533
0.94273
0.0152356
0.649426
0.292445
0.983592
0.0698492
0.531213
0.709977
0.463239
0.427924
0.235409
0.654973
0.154543
0.284944
0.986952
0.141261
0.77006
0.321744
0.00171888
0.478397
0.191968
0.382764
0.484804
0.793265
0.2801
0.0932885
0.145715
0.236815
0.591843
0.766154
0.0526604
0.747246
0.790296
0.635597
0.579889
0.302758
0.853973
0.221658
0.827799
0.618798
0.22283
0.108524
0.79514
0.52926
0.575436
0.836003
0.583874
0.457223
0.253535
0.0635206
0.815298
0.957731
0.00851629
0.506602
0.814751
0.760059
0.99289
0.430268
0.796859
0.00765685
0.767404
0.218767
0.0686772
0.250488
0.533635
0.156809
0.961013
0.194546
0.600359
0.272756
0.867412
0.507305
0.783186
0.0658645
0.376748
0.310415
0.621377
0.440425
0.896