0.261778
0.117413
0.372308
0.967197
0.832924
0.161899
0.332721
0.205103
0.673571
0.793783
0.329971
0.462948
0.534707
0.535615
0.703298
0.191826
0.798521
0.928189
0.739532
0.773436
0.361082
0.123109
0.521203
0.542149
0.885004
0.861
0.853584
0.133975
0.505713
0.919151
0.718795
0.315836
0.959471
0.554658
0.375581
0.231414
0.431926
0.335165
0.357752
0.93943
0.80364
0.959931
0.563016
0.284018
0.0273522
0.765689
0.451742
0.00257806
0.732293
0.682229
0.531355
0.401099
0.423319
0.526879
0.114471
0.347066
0.0803715
0.0232712
0.990776
0.541247
0.926142
0.950866
0.0136153
0.237499
0.219892
0.132318
0.795393
0.0552116
0.472944
0.945249
0.128323
0.700392
0.643417
0.67116
0.138303
0.535694
0.819169
0.569951
0.790328
0.583103
0.626811
0.940076
0.285472
0.798606
0.127468
0.846769
0.435092
0.069749
0.83616
0.424661
0.562306
0.277969
0.634145
0.694821
0.0984243
0.530177
0.913255
0.938789
0.659319
0.452029
0.515186
0.791215
0.44473
0.0107434
0.947923
0.966703
0.942622
0.329523
0.533428
0.647514
0.144099
0.814328
0.460496
0.898109
0.0840369
0.305431
0.860533
0.737519
0.587665
0.612395
0.422374
0.740534
0.61056
0.236639
0.739197
0.677584
0.709597
0.85587
0.863161
0.137111
0.993957
0.624542
0.0317027
0.768177
0.322228
0.0171805
0.996616
0.666407
0.068589
0.283385
0.498297
0.69659
0.888632
0.729357
0.0897111
0.51202
0.777582
0.0535161
0.945005
0.087979
0.693066
0.635256
0.550096
0.988162
0.487737
0.646294
0.923985
0.27274
0.991991
0.522339
0.576772
0.225282
0.708123
0.903975
0.246068
0.240114
0.292445
0.31951
0.556177
0.542361
0.395349
0.583473
0.72149
0.460272
0.306297
0.839611
0.686287
0.407951
0.87218
0.23131
0.797902
0.370954
0.347352
0.945571
0.123666
0.922581
0.425517
0.456642
0.80169
0.0501757
0.171006
0.242758
0.359863
0.178769
0.989326
0.00113328
0.953196
0.709487
0.217884
0.702308
0.0454919
0.588756
0.426229
0.812007
0.333275
0.637329
0.271889
0.0989885
0.694553
0.895147
0.478946
0.40262
0.565154
0.379667
0.532283
0.648308
0.22664
0.966198
0.442957
0.462146
0.249247
0.209152
0.953943
0.733404
0.387144
0.260664
0.528047
0.891835
0.856073
0.793698
0.73476
0.498135
0.542312
0.566532
0.293762
0.716626
0.285724
0.407599
0.854399
0.525199
0.262888
0.847274
0.412763
0.82788
0.386523
0.447344
0.435888
0.176588
0.896791
0.834653
0.235604
0.479093
0.861499
0.622433
0.313711
0.289349
0.708641
0.0668561
0.967382
0.557873
0.193087
0.601193
0.768793
0.284573
0.573834
0.808069
0.160364
0.844804
0.225871
0.270493
0.624087
0.401568
0.505907
0.857531
0.927407
0.738458
0.143518
0.129858
0.685357
0.420748
0.0743219
0.638595
0.82442
0.534576
0.474042
0.0906916
0.444924
0.809922
0.401326
0.252173
0.563941
0.887094
0.77524
0.0273304
0.842426
0.701182
0.000397522
0.136807
0.313848
0.813846
0.501301
0.427257
0.205369
0.609605
0.739815
0.259764
0.412923
0.41747
0.185661
0.293891
0.513583
0.293839
0.920473
0.10083
0.334682
0.172027
0.678774
0.158749
0.0144864
0.0787101
0.109385
0.549858
0.222298
0.685348
0.953213
0.295239
0.637672
0.187868
0.57103
0.132019
0.594623
0.831206
0.94313
0.918498
0.533721
0.601377
0.975023
0.109611
0.761505
0.613397
0.0546386
0.234339
0.541142
0.571167
0.899462
0.583723
0.344918
0.495517
0.331205
0.0265169
0.70203
0.642571
0.266028
0.801718
0.201303
0.407304
0.745568
0.934817
0.749569
0.894578
0.602796
0.640431
0.258355
0.733768
0.253959
0.295121
0.0482436
0.953374
0.212474
0.167136
0.469983
0.968523
0.276695
0.501806
0.134409
0.955206
0.926106
0.681521
0.136611
0.250053
0.755952
0.981802
0.0637698
0.930418
0.789574
0.982004
0.833434
0.364806
0.0758828
0.90928
0.994229
0.190275
0.724852
0.529169
0.850894
0.0782019
0.889416
0.997674
0.824829
0.324087
0.638995
0.55086
0.682533
0.610672
0.972466
0.937477
0.785531
0.527661
0.118172
0.477692
0.65841
0.142516
0.77074
0.700555
0.0708412
0.502263
0.154574
0.671249
0.721709
0.692902
0.811899
0.861417
0.641154
0.0917663
0.047269
0.229291
0.758529
0.586053
0.396009
0.0180826
0.32974
0.0260652
0.158578
0.0125092
0.124199
0.423014
0.368764
0.41302
0.550483
0.15513
0.222987
0.765505
0.095152
0.0171116
0.71401
0.612379
0.981079
0.0773708
0.955781
0.636815
0.57258
0.960115
0.296496
0.219717
0.64247
0.349681
0.0216071
0.957378
0.654851
0.510148
0.869442
0.595567
0.492137
0.597758
0.932048
0.695455
0.247314
0.745948
0.226512
0.0405523
0.682465
0.199378
0.166061
0.100072
0.742761
0.685548
0.756354
0.945284
0.004363
0.220528
0.64694
0.556177
0.271843
0.387055
0.349612
0.640514
0.463536
0.244809
0.915448
0.342596
0.0406498
0.3401
0.7788
0.17579
0.449166
0.540156
0.655972
0.0785306
0.23541
0.0541762
0.857621
0.586983
0.525041
0.0718587
0.40642
0.243769
0.692095
0.645264
0.686885
0.560642
0.71995
0.137795
0.198195
0.919828
0.116047
0.294107
0.607659
0.446619
0.111331
0.468792
0.921207
0.379458
0.616827
0.761361
0.375145
0.383361
0.0666856
0.694886
0.595067
0.272855
0.339122
0.96278
0.0882198
0.851587
0.392126
0.920896
0.220009
0.219443
0.230372
0.720055
0.744246
0.35055
0.849678
0.34333
0.33832
0.529589
0.102037
0.618434
0.350675
0.533026
0.30977
0.753982
0.274197
0.770481
0.983855
0.706037
0.726453
0.163765
0.0320398
0.0846566
0.359714
0.0508111
0.565468
0.155677
0.173245
0.276426
0.0529562
0.386031
0.944445
0.556578
0.361387
0.579317
0.0428029
0.653142
0.657798
0.29378
0.255762
0.986314
0.0787067
0.867087
0.755806
0.375191
0.34677
0.512577
0.449478
0.945178
0.750504
0.109645
0.886393
0.733775
0.211305
0.772565
0.315012
0.851865
0.418157
0.293391
0.247685
0.316005
0.136753
0.980744
0.626299
0.762115
0.853457
0.828164
0.891893
0.406529
0.464151
0.587319
0.325429
0.403903
0.706064
0.735751
0.144146
0.0508837
0.41539
0.233375
0.196618
0.459324
0.384025
0.483586
0.0917269
0.161364
0.10871
0.673954
0.950886
0.464775
0.501108
0.955724
0.482292
0.759703
0.438294
0.729618
0.0546117
0.0746804
0.400332
0.721712
0.304206
0.0540601
0.264917
0.449394
0.513467
0.44966
0.681933
0.589298
0.377781
0.127701
0.903487
0.957893
0.343001
0.243802
0.574038
0.569203
0.69024
0.784467
0.132845
0.472424
0.274807
0.606078
0.995293
0.686208
0.311122
0.4014
0.973405
0.889263
0.160571
0.121383
0.0588024
0.637939
0.632108
0.720379
0.755356
0.576988
0.712663
0.217771
0.0787563
0.192953
0.843615
0.380139
0.851913
0.771597
0.193056
0.333182
0.587723
0.031533
0.839742
0.496383
0.919606
0.119124
0.885206
0.00492676
0.737496
0.670305
0.265637
0.420026
0.483856
0.521534
0.00239886
0.385568
0.297208
0.594125
0.0813989
0.670737
0.868765
0.490505
0.930212
0.264148
0.54883
0.312845
0.703576
0.116741
0.230494
0.286519
0.765914
0.0159804
0.435149
0.270888
0.368236
0.760934
0.642034
0.755731
0.258026
0.163872
0.908361
0.84292
0.217221
0.383249
0.686078
0.0387873
0.00323786
0.541165
0.740003
0.34717
0.0860293
0.936298
0.904382
0.686263
0.266688
0.236327
0.809553
0.973098
0.597849
0.107715
0.18748
0.909642
0.0993795
0.822142
0.010936
0.517944
0.129593
0.115055
0.0197297
0.0479038
0.500968
0.322874
0.649372
0.995719
0.0614708
0.895863
0.347127
0.736552
0.233276
0.900105
0.825885
0.890247
0.559675
0.236872
0.673129
0.851811
0.232786
0.765565
0.992296
0.325235
0.736041
0.505747
0.54699
0.0410751
0.472418
0.167101
0.968205
0.897912
0.523194
0.449438
0.34095
0.0434367
0.952392
0.0339977
0.437648
0.622048
0.665462
0.76025
0.67023
0.654052
0.939737
0.226371
0.265873
0.593627
0.951427
0.545017
0.569179
0.275831
0.639612
0.130412
0.885151
0.825458
0.613472
0.414748
0.613676
0.298669
0.492126
0.988394
0.897047
0.210567
0.366541
0.0852634
0.125044
0.836676
0.60986
0.0940579
0.98265
0.938376
0.253247
0.0434994
0.957889
0.38238
0.863263
0.654251
0.0133965
0.884711
0.866424
0.707264
0.024072
0.0306622
0.170562
0.175371
0.413395
0.384508
0.267476
0.0910033
0.475685
0.45493
0.18242
0.0705075
0.903459
0.301186
0.404093
0.394262
0.648186
0.679218
0.851874
0.511429
0.62295
0.998586
0.119908
0.760219
0.383176
0.565639
0.952794
0.746004
0.277291
0.412199
0.188126
0.0145835
0.987821
0.789758
0.059545
0.906095
0.802582
0.0444547
0.503957
0.0817201
0.28919
0.140722
0.67577
0.201552
0.907945
0.432239
0.209662
0.438528
0.89008
0.0186426
0.364093
0.559646
0.214434
0.189207
0.0988962
0.494587
0.494362
0.389087
0.939927
0.933611
0.0856517
0.862602
0.498691
0.317953
0.899424
0.115421
0.489965
0.822397
0.384222
0.148173
0.38895
0.697107
0.554465
0.652572
0.407386
0.0820663
0.698942
0.507767
0.460302
0.574308
0.0206807
0.939327
0.142043
0.183866
0.472067
0.523582
0.711619
0.612919
0.832162
0.85493
0.162851
0.863022
0.900194
0.0186137
0.191295
0.915295
0.630907
0.186486
0.171692
0.957184
0.956788
0.997268
0.253317
0.0444277
0.598403
0.542569
0.286506
0.561661
0.145454
0.933849
0.646655
0.283239
0.506265
0.124847
0.527309
0.854818
0.0744331
0.623269
0.622942
0.795667
0.945316
0.993325
0.488792
0.319472
0.188991
0.62793
0.391575
0.706669
0.506984
0.333814
0.0951078
0.69258
0.322135
0.341837
0.205784
0.657182
0.703068
0.647925
0.0780675
0.735906
0.751444
0.061431
0.261433
0.327496
0.151935
0.932811
0.28871
0.429727
0.402774
0.169824
0.889506
0.0315124
0.0609362
0.502449
0.748206
0.449352
0.893471
0.738344
0.443795
0.647944
0.00460546
0.389561
0.406643
0.314233
0.229662
0.836793
0.699612
0.0297453
0.994307
0.891171
0.338056
0.456335
0.499117
0.5921
0.543643
0.391802
0.182932
0.502573
0.937133
0.118401
0.655863
0.83385
0.431425
0.94648
0.031343
0.405648
0.185607
0.231306
0.33433
0.788514
0.42765
0.72036
0.678459
0.762904
0.226852
0.700446
0.454526
0.749462
0.143671
0.693815
0.879801
0.105358
0.312908
0.881103
0.0336046
0.567438
0.0110131
0.126254
0.706787
0.719522
0.618075
0.856828
0.143321
0.427186
0.573447
0.417199
0.136019
0.306184
0.486577
0.842043
0.89667
0.907066
0.267951
0.297712
0.850845
0.752336
0.801606
0.992726
0.319686
0.0650674
0.895417
0.162856
0.845314
0.688785
0.0191169
0.174869
0.0772297
0.181102
0.547978
0.32463
0.339071
0.765603
0.752787
0.596534
0.723739
0.961474
0.778474
0.047795
0.277957
0.926941
0.622393
0.597208
0.23654
0.188581
0.442486
0.369046
0.915763
0.00895907
0.836579
0.952225
0.514635
0.972921
0.589282
0.455852
0.0730753
0.635712
0.0922545
0.81345
0.0171586
0.0733527
0.915847
0.0664084
0.687898
0.129916
0.979081
0.988834
0.733295
0.768201
0.00715478
0.170331
0.232909
0.334657
0.514673
0.337479
0.00300494
0.112812
0.268386
0.170711
0.527232
0.126349
0.649374
0.615554
0.208143
0.64601
0.175669
0.117116
0.810416
0.797207
0.787158
0.709964
0.79558
0.623898
0.9399
0.383276
0.0886815
0.376037
0.00600547
0.450821
0.630641
0.373239
0.574235
0.777454
0.50476
0.134746
0.422045
0.124021
0.545764
0.969986
0.395325
0.794802
0.12711
0.207819
0.886374
0.0501819
0.754089
0.270678
0.37661
0.244611
0.854928
0.187797
0.174169
0.633929
0.103697
0.147546
0.339235
0.214698
0.991942
0.693521
0.287061
0.220418
0.533576
0.00527734
0.260856
0.0790255
0.147382
0.294604
0.73763
0.572339
0.410917
0.683465
0.211807
0.513194
0.280506
0.248747
0.465249
0.0853535
0.683503
0.682737
0.868855
0.300441
0.877224
0.0231005
0.0899146
0.527258
0.909117
0.839951
0.868174
0.289257
0.156084
0.624598
0.70822
0.690299
0.577868
0.999737
0.478295
0.416502
0.828644
0.0808934
0.57028
0.76206
0.19008
0.409582
0.370324
0.831437
0.380013
0.294627
0.0568261
0.180476
0.743836
0.539368
0.276674
0.802445
0.672945
0.372434
0.898746
0.997219
0.4245
0.754716
0.593539
0.368022
0.387809
0.576449
0.984366
0.788786
0.621749
0.464693
0.536244
0.140415
0.627301
0.345135
0.127355
0.597479
0.0320783
0.574629
0.622719
0.804648
0.940219
0.390425
0.118477
0.157801
0.469105
0.672918
0.11166
0.817414
0.478417
0.759064
0.561216
0.326915
0.587624
0.00553863
0.214598
0.236466
0.0766717
0.261004
0.458459
0.672191
0.640018
0.852284
0.325239
0.696662
0.886286
0.466776
0.596882
0.277948
0.0851443
0.393786
0.346265
0.767339
0.884954
0.160872
0.316249
0.879005
0.167921
0.32005
0.0356259
0.371103
0.699213
0.658524
0.388531
0.270659
0.542657
0.626967
0.522429
0.984872
0.910914
0.136506
0.845835
0.484641
0.390644
0.976845
0.213879
0.240889
0.795136
0.455395
0.052911
0.919669
0.296652
0.80207
0.341871
0.461989
0.0306451
0.956444
0.704399
0.831043
0.0101262
0.384785
0.17072
0.114925
0.753298
0.0535452
0.0685594
0.512423
0.115326
0.443634
0.485136
0.777994
0.607319
0.0132556
0.129074
0.684931
0.193216
0.149302
0.176665
0.644303
0.167056
0.977222
0.640166
0.688053
0.33275
0.227541
0.157493
0.546698
0.06817
0.734151
0.137916
0.920922
0.505728
0.611921
0.482909
0.470573
0.893997
0.0411131
0.213866
0.531057
0.222
0.607365
0.0777811
0.515487
0.108868
0.613507
0.290789
0.133812
0.302191
0.377143
0.121934
0.748407
0.74101
0.437104
0.758472
0.78675
0.125313
0.0123797
0.849236
0.524144
0.589709
0.582268
0.0575733
0.428296
0.202192
0.517133
0.327356
0.789603
0.108186
0.758586
0.13388
0.565754
0.523827
0.475541
0.208147
0.60663
0.556208
0.0369023
0.366223
0.602736
0.705201
0.135545
0.243932
0.868043
0.375417
0.203198
0.361494
0.30265
0.139929
0.333223
0.0442197
0.0788799
0.513198
0.765749
0.23924
0.465668
0.738332
0.485115
0.474566
0.00343132
0.761222
0.362129
0.697113
0.0528475
0.146606
0.141876
0.14251
0.898095
0.756998
0.0863304
0.609171
0.61534
0.482426
0.538952
0.235
0.242994
0.284617
0.0460981
0.859665
0.914704
0.203129
0.622553
0.76592
0.866955
0.970655
0.174682
0.833561
0.943763
0.198705
0.00257668
0.0113425
0.595035
0.111862
0.502377
0.378918
0.763116
0.483094
0.82126
0.475661
0.0595638
0.944908
0.801978
0.0624599
0.528734
0.352158
0.851339
0.765424
0.982556
0.542082
0.375221
0.614781
0.693646
0.702518
0.679271
0.0621902
0.350403
0.612073
0.0744392
0.476872
0.659156
0.0462754
0.0921345
0.855662
0.736943
0.464609
0.457124
0.881043
0.368893
0.452922
0.755038
0.821315
0.783818
0.935964
0.950359
0.290695
0.483414
0.822506
0.101653
0.841496
0.0691985
0.74472
0.06021
0.42674
0.640652
0.626912
0.0914852
0.759898
0.1554
0.149842
0.404639
0.372094
0.970962
0.717571
0.987368
0.377623
0.682568
0.860975
0.942126
0.19102
0.503197
0.00128138
0.909124
0.564864
0.152011
0.78997
0.466146
0.187338
0.654328
0.619079
0.961196
0.124077
0.624116
0.153488
0.981535
0.376584
0.58463
0.0129249
0.685239
0.591002
0.144097
0.473542
0.226629
0.728469
0.356773
0.880465
0.51963
0.209041
0.100586
0.187967
0.222762
0.307639
0.604519
0.841491
0.461169
0.405654
0.309728
0.275815
0.818799
0.0163087
0.286722
0.0299993
0.747758
0.374728
0.847266
0.209845
0.653289
0.619629
0.55296
0.189722
0.412784
0.778717
0.948938
0.530074
0.797951
0.180729
0.72972
0.216532
0.551939
0.144382
0.470058
0.580109
0.756984
0.759291
0.39007
0.363977
0.360247
0.433713
0.161557
0.0556206
0.787077
0.720154
0.669124
0.035172
0.440249
0.116086
0.532603
0.769713
0.700498
0.151379
0.383701
0.745622
0.374291
0.879054
0.996739
0.609762
0.0404902
0.545651
0.59791
0.643737
0.54962
0.415722
0.567564
0.445513
0.492451
0.969304
0.810922
0.646189
0.792913
0.510431
0.981507
0.197883
0.536476
0.429566
0.343709
0.384443
0.123425
0.389798
0.219122
0.835821
0.737194
0.978389
0.647336
0.889959
0.465318
0.845965
0.628286
0.0364283
0.659191
0.526383
0.754694
0.528447
0.361544
0.901663
0.736741
0.918846
0.311832
0.0141431
0.00974404
0.976207
0.934966
0.576807
0.997578
0.787029
0.891337
0.379413
0.0303077
0.265702
0.217388
0.547391
0.608625
0.555435
0.126473
0.565155
0.7756
0.38986
0.979046
0.487056
0.662683
0.0146998
0.954787
0.376872
0.32114
0.360943
0.867149
0.638516
0.375
0.0223225
0.0468338
0.777171
0.250865
0.276513
0.89374
0.0479921
0.436965
0.521554
0.811406
0.692066
0.895972
0.711966
0.388402
0.744221
0.542836
0.347954
0.356974
0.172124
0.0632631
0.229169
0.44354
0.665335
0.230536
0.767314
0.722021
0.116967
0.813775
0.626434
0.0384113
0.448261
0.341624
0.452494
0.738269
0.68185
0.00722709
0.916508
0.869377
0.34187
0.945898
0.325203
0.222457
0.627529
0.793824
0.31109
0.120249
0.288795
0.902152
0.0190137
0.412156
0.360643
0.420807
0.717363
0.345059
0.999678
0.411748
0.0406065
0.242098
0.176729
0.67147
0.923491
0.483554
0.100137
0.392392
0.0893628
0.359647
0.915291
0.768774
0.245761
0.574438
0.790064
0.135587
0.574367
0.663721
0.645791
0.317301
0.0610384
0.0386316
0.674989
0.443423
0.474467
0.354327
0.0863106
0.699047
0.36832
0.214316
0.35093
0.26416
0.982888
0.87627
0.624117
0.647909
0.278925
0.0298539
0.233732
0.693739
0.752124
0.919627
0.321437
0.548572
0.587614
0.43426
0.994285
0.219383
0.688447
0.954113
0.238333
0.543557
0.946951
0.378547
0.340791
0.232573
0.364866
0.114856
0.47332
0.500225
0.327863
0.987902
0.252318
0.0753392
0.0673742
0.523568
0.636055
0.49477
0.0807575
0.0674526
0.377452
0.910396
0.599362
0.674996
0.91686
0.657353
0.355082
0.0616713
0.941949
0.193612
0.256554
0.580337
0.33699
0.196111
0.00954951
0.138943
0.666875
0.823531
0.883711
0.875665
0.768183
0.924354
0.952444
0.747266
0.478523
0.611087
0.410719
0.756891
0.810801
0.090236
0.774077
0.232257
0.122009
0.988359
0.272482
0.791382
0.862977
0.534949
0.311343
0.106133
0.965959
0.177417
0.360951
0.209269
0.568317
0.279045
0.479435
0.31063
0.608939
0.178457
0.106298
0.0158463
0.655901
0.474182
0.854859
0.530929
0.670616
0.296398
0.0650334
0.264949
0.339868
0.341917
0.799661
0.926061
0.961057
0.887159
0.648773
0.720241
0.865128
0.239314
0.448888
0.167437
0.645807
0.881383
0.0727751
0.443474
0.77276
0.630282
0.0107096
0.437614
0.99158
0.842474
0.256853
0.781106
0.560996
0.725925
0.0363003
0.733545
0.765891
0.491925
0.44526
0.252463
0.690481
0.688885
0.288056
0.996452
0.490459
0.338437
0.767073
0.697445
0.11389
0.886498
0.594329
0.965319
0.549187
0.558491
0.895425
0.152385
0.733642
0.423526
0.0713474
0.454989
0.601558
0.487876
0.659309
0.610232
0.286578
0.540272
0.975529
0.707117
0.666309
0.913905
0.905864
0.488485
0.0169001
0.730915
0.000567358
0.540619
0.529738
0.830787
0.281621
0.212375
0.395246
0.446498
0.555378
0.449956
0.643033
0.51996
0.407303
0.497367
0.736961
0.902629
0.217192
0.882805
0.311402
0.0196918
0.680718
0.586537
0.319099
0.772568
0.781212
0.935013
0.684674
0.200095
0.3724
0.167162
0.233709
0.251757
0.795413
0.836646
0.967587
0.463464
0.479589
0.371636
0.601481
0.86315
0.67548
0.618677
0.623451
0.733959
0.0839861
0.463473
0.0672814
0.998584
0.00565213
0.316156
0.97976
0.0879937
0.891416
0.101979
0.0515639
0.273586
0.293379
0.417694
0.895003
0.885474
0.189161
0.881383
0.447037
0.892998
0.0227806
0.462931
0.35079
0.377206
0.548309
0.265513
0.231098
0.814807
0.759143
0.906893
0.397938
0.998672
0.567387
0.065312
0.891772
0.951692
0.385837
0.978491
0.53611
0.858215
0.628694
0.831842
0.227946
0.986384
0.331111
0.608552
0.415952
0.133136
0.574019
0.765452
0.385159
0.879331
0.377989
0.524437
0.584285
0.728587
0.167476
0.903347
0.950781
0.0605567
0.229796
0.364566
0.395368
0.043164
0.88961
0.54275
0.676573
0.762785
0.244118
0.109084
0.112047
0.205656
0.00205403
0.950871
0.619017
0.0758573
0.62356
0.60175
0.937738
0.974334
0.379417
0.160331
0.714014
0.701689
0.113995
0.747052
0.348343
0.741942
0.792666
0.602052
0.629653
0.592635
0.909483
0.178869
0.389583
0.075802
0.463135
0.38507
0.416085
0.0686469
0.934957
0.109273
0.218495
0.786106
0.254785
0.415867
0.688285
0.769634
0.603669
0.680599
0.125797
0.836982
0.163908
0.653084
0.10997
0.124034
0.750017
0.840513
0.896624
0.419035
0.212107
0.462487
0.403562
0.278604
0.157297
0.360117
0.661702
0.464589
0.276482
0.625729
0.866923
0.183925
0.787462
0.49972
0.451308
0.170292
0.371302
0.122836
0.857629
0.811573
0.107684
0.919469
0.728572
0.846339
0.0880496
0.69925
0.277186
0.403913
0.774391
0.754163
0.161312
0.769704
0.0826036
0.211867
0.552167
0.844547
0.754744
0.602837
0.348403
0.406653
0.907182
0.858027
0.934593
0.515604
0.693041
0.846585
0.955716
0.735709
0.0678145
0.856864
0.991787
0.135467
0.49642
0.53564
0.633798
0.0421244
0.53494
0.592333
0.226099
0.465079
0.206163
0.077566
0.746429
0.185707
0.511404
0.561133
0.895203
0.28678
0.577827
0.917503
0.880473
0.993068
0.391927
0.101341
0.163328
0.465663
0.13293
0.646757
0.0708976
0.533999
0.618876
0.443007
0.79064
0.837765
0.560915
0.140579
0.671932
0.822203
0.546958
0.880083
0.635674
0.583239
0.643101
0.529419
0.952328
0.0042021
0.180506
0.768902
0.523998
0.376403
0.222137
0.623655
0.667124
0.182343
0.314465
0.666545
0.212922
0.222718
0.608845
0.76312
0.320928
0.853225
0.645384
0.117424
0.730196
0.901247
0.817854
0.707969
0.673567
0.185754
0.990905
0.712466
0.383782
0.713761
0.0926953
0.387063
0.0686225
0.520548
0.964417
0.216063
0.198833
0.805436
0.423261
0.107741
0.697102
0.591216
0.771325
0.140786
0.844767
0.213904
0.898243
0.136431
0.611139
0.954585
0.729994
0.235326
0.824696
0.43782
0.497964
0.368305
0.0435396
0.696062
0.843241
0.46404
0.706389
0.968137
0.158972
0.986463
0.176464
0.978382
0.173899
0.707073
0.464563
0.870604
0.385385
0.211137
0.616953
0.296977
0.681863
0.315224
0.228265
0.386837
0.717775
0.37424
0.457975
0.37221
0.9353
0.803977
0.902149
0.150978
0.0676275
0.763556
0.914878
0.616807
0.43889
0.863913
0.397424
0.553467
0.0301727
0.514027
0.232537
0.114564
0.145196
0.219777
0.782559
0.854243
0.19695
0.165146
0.581737
0.419921
0.828161
0.149272
0.911283
0.963941
0.26083
0.924623
0.00798851
0.138776
0.505361
0.401693
0.713877
0.433923
0.423702
0.580238
0.808044
0.369065
0.749716
0.626603
0.169078
0.15515
0.77789
0.470344
0.847144
0.118758
0.0216666
0.873565
0.870318
0.266082
0.509083
0.838375
0.396512
0.152016
0.652103
0.406872
0.784593
0.821448
0.44028
0.384096
0.713673
0.0227531
0.43459
0.463065
0.624459
0.471302
0.714956
0.144621
0.88333
0.341025
0.28076
0.983156
0.0414618
0.86066
0.690739
0.160012
0.955713
0.272136
0.485374
0.937162
0.766577
0.69026
0.336743
0.336975
0.877602
0.694961
0.234226
0.564998
0.677156
0.985017
0.132751
0.401148
0.626399
0.266115
0.369356
0.354262
0.319149
0.948075
0.708593
0.109349
0.925294
0.803113
0.181784
0.402899
0.481538
0.907129
0.543967
0.654389
0.510321
0.865516
0.146276
0.178675
0.440044
0.46197
0.347052
0.499228
0.202512
0.892641
0.402873
0.821556
0.0651258
0.0414087
0.071222
0.0204884
0.235361
0.225359
0.567909
0.582119
0.350493
0.173161
0.421208
0.0826804
0.547032
0.620358
0.868339
0.59062
0.735518
0.237787
0.688512
0.97275
0.0902562
0.703243
0.38662
0.124022
0.922654
0.920219
0.99216
0.308944
0.146699
0.83889
0.341394
0.988037
0.550285
0.0781956
0.661552
0.511936
0.3242
0.34462
0.436577
0.363117
0.980668
0.9195
0.745107
0.926458
0.841132
0.09864
0.269033
0.523854
0.613529
0.940905
0.375369
0.723697
0.210161
0.814072
0.712948
0.818355
0.57466
0.89073
0.985718
0.193259
0.124517
0.430163
0.398559
0.194785
0.0135824
0.377227
0.704005
0.20968
0.999334
0.998721
0.770467
0.804548
0.146658
0.958888
0.624615
0.903295
0.253927
0.426317
0.627846
0.684089
0.396114
0.151783
0.592757
0.383363
0.164527
0.732314
0.611395
0.685719
0.403112
0.357615
0.174616
0.315248
0.793033
0.692122
0.550819
0.226037
0.563325
0.29901
0.668111
0.465898
0.181118
0.265047
0.997503
0.921339
0.80939
0.275155
0.758451
0.857584
0.97095
0.0103668
0.914941
0.876407
0.388931
0.1363
0.445823
0.900748
0.966931
0.495055
0.954488
0.0723585
0.655904
0.814968
0.0887258
0.700569
0.397881
0.721363
0.405936
0.793428
0.826947
0.766345
0.999273
0.358956
0.967098
0.282307
0.926801
0.992171
0.264996
0.819369
0.49325
0.288239
0.353042
0.475925
0.35672
0.836923
0.247721
0.437618
0.354037
0.484393
0.507209
0.936138
0.342366
0.69898
0.50069
0.925209
0.328061
0.0648357
0.813753
0.328909
0.838326
0.19606
0.913489
0.744032
0.0811685
0.225323
0.588125
0.620753
0.330811
0.536472
0.944323
0.353217
0.384023
0.470447
0.588186
0.427293
0.701244
0.276413
0.493484
0.973323
0.927026
0.84597
0.613206
0.325727
0.00650781
0.19145
0.596136
0.770121
0.621326
0.569417
0.940579
0.501479
0.154147
0.443717
0.796689
0.230972
0.631782
0.493897
0.144334
0.641241
0.290398
0.75212
0.584744
0.491373
0.378765
0.199159
0.28865
0.13665
0.237074
0.817056
0.735723
0.769116
0.525489
0.493171
0.0902951
0.941739
0.548675
0.377901
0.962703
0.835129
0.816574
0.303778
0.408926
0.0742685
0.57601
0.645167
0.0292505
0.981219
0.710221
0.788701
0.4008
0.949404
0.79387
0.00398089
0.557846
0.809526
0.171287
0.499928
0.121191
0.360092
0.722671
0.70978
0.193417
0.941284
0.421492
0.317533
0.497922
0.41476
0.198094
0.0225227
0.243279
0.784085
0.601479
0.888096
0.986627
0.352412
0.708534
0.690211
0.507926
0.0472638
0.872738
0.520413
0.335529
0.579786
0.516068
0.839954
0.107845
0.582602
0.656377
0.281683
0.469348
0.844579
0.372071
0.922284
0.117729
0.888311
0.602697
0.614437
0.633211
0.473851
0.411024
0.437001
0.621497
0.620638
0.114997
0.349116
0.529585
0.24516
0.679125
0.447048
0.728892
0.847585
0.714042
0.481182
0.401477
0.346655
0.772141
0.652169
0.449807
0.545276
0.408665
0.989209
0.165485
0.619168
0.544601
0.281285
0.616846
0.444954
0.83236
0.885248
0.00508753
0.30214
0.158296
0.378449
0.412638
0.644856
0.121277
0.684785
0.67919
0.468313
0.0815235
0.354085
0.835204
0.906166
0.674821
0.932592
0.914251
0.668208
0.897003
0.970736
0.508552
0.0969786
0.355147
0.0829361
0.29458
0.700112
0.377716
0.00532022
0.610334
0.782047
0.151659
0.154982
0.114071
0.248991
0.983598
0.983434
0.957846
0.388122
0.702422
0.166092
0.239393
0.171454
0.188693
0.653691
0.957373
0.943078
0.729852
0.102799
0.69297
0.326937
0.109052
0.494719
0.886209
0.232728
0.469213
0.923502
0.319448
0.924942
0.643503
0.219755
0.383918
0.713637
0.275402
0.666831
0.209438
0.576197
0.637359
0.165638
0.830533
0.697572
0.796591
0.450551
0.703786
0.734105
0.297292
0.823604
0.501199
0.759757
0.0255008
0.518824
0.64057
0.664675
0.776884
0.251721
0.422325
0.518411
0.963981
0.247851
0.985727
0.761909
0.844122
0.100431
0.105291
0.822168
0.542228
0.60757
0.882256
0.861467
0.209965
0.376016
0.205529
0.0488346
0.378524
0.275699
0.226095
0.87872
0.275149
0.407801
0.0232713
0.720258
0.532953
0.692281
0.86989
0.0168801
0.176011
0.295729
0.788628
0.428092
0.523131
0.0204347
0.323136
0.206535
0.893196
0.353818
0.626025
0.451132
0.164353
0.220148
0.355244
0.265193
0.483956
0.790473
0.823982
0.798797
0.454544
0.81322
0.454214
0.445555
0.98966
0.332047
0.298997
0.089596
0.145847
0.429797
0.808165
0.572426
0.727079
0.735473
0.623694
0.380998
0.734444
0.487711
0.609422
0.131749
0.173347
0.894682
0.0129176
0.315545
0.849346
0.159502
0.249854
0.327073
0.781281
0.9471
0.730407
0.0537446
0.497438
0.712944
0.231996
0.643645
0.220965
0.26256
0.72781
0.146066
0.561311
0.373246
0.924885
0.611767
0.755452
0.61216
0.644705
0.130539
0.917815
0.930276
0.545419
0.906923
0.665949
0.179742
0.820427
0.799404
0.203458
0.19245
0.111517
0.319156
0.801677
0.744807
0.359957
0.0721122
0.665451
0.429935
0.548035
0.749671
0.160242
0.521285
0.400642
0.758375
0.353017
0.834986
0.42206
0.0682678
0.410828
0.624682
0.664553
0.601097
0.0862125
0.394004
0.830371
0.373892
0.406718
0.450441
0.319904
0.174911
0.052445
0.434599
0.302234
0.352359
0.375431
0.502664
0.768739
0.473464
0.495532
0.802702
0.0022428
0.784173
0.690464
0.747913
0.326087
0.994775
0.878546
0.131989
0.599758
0.159139
0.270764
0.946875
0.898278
0.113587
0.0717968
0.627453
0.68519
0.0327027
0.86268
0.702538
0.133058
0.826507
0.433049
0.64354
0.718258
0.551435
0.81412
0.670455
0.860443
0.329419
0.902033
0.184012
0.480514
0.501961
0.46003
0.552239
0.844828
0.992871
0.456822
0.795823
0.393724
0.938932
0.157577
0.128769
0.529443
0.992475
0.699533
0.932917
0.523526
0.633266
0.429417
0.245952
0.273148
0.705332
0.0579157
0.101329
0.477794
0.801288
0.712431
0.780888
0.702628
0.669848
0.264516
0.611326
0.422156
0.256428
0.00400737
0.714876
0.449628
0.673929
0.413691
0.971346
0.748613
0.870504
0.0127018
0.948323
0.187564
0.387969
0.119423
0.0643053
0.820881
0.186593
0.269288
0.503835
0.88689
0.216338
0.378498
0.241455
0.934567
0.126141
0.859333
0.577888
0.453525
0.242612
0.499148
0.860111
0.724712
0.644843
0.917024
0.814259
0.177891
0.844081
0.996527
0.0994163
0.318017
0.677744
0.271613
0.843153
0.629159
0.44823
0.475449
0.532804
0.815799
0.546983
0.671382
0.730762
0.182507
0.744517
0.998356
0.576006
0.0397654
0.190892
0.577551
0.240789
0.646355
0.481677
0.0429309
0.578788
0.41829
0.556548
0.338948
0.0953948
0.289888
0.914944
0.386596
0.690571
0.870455
0.183884
0.658612
0.182699
0.213422
0.220725
0.0790932
0.659793
0.0415306
0.244382
0.685288
0.916868
0.231906
0.47849
0.731772
0.987489
0.10035
0.268469
0.356849
0.130928
0.0539349
0.950575
0.931064
0.654199
0.174714
0.994554
0.780508
0.782567
0.327681
0.379836
0.165901
0.557098
0.662822
0.653453
0.19151
0.140689
0.0367717
0.474053
0.0579025
0.522814
0.157743
0.0499667
0.25555
0.35581
0.508368
0.595932
0.613055
0.233873
0.299016
0.773189
0.603063
0.931684
0.746567
0.179679
0.290308
0.841068
0.69721
0.0630742
0.767501
0.320909
0.896486
0.679166
0.0348618
0.0293241
0.61775
0.501656
0.779921
0.741544
0.314427
0.651951
0.339963
0.388248
0.136922
0.532289
0.501911
0.262854
0.216806
0.589775
0.324484
0.497399
0.354288
0.222076
0.986518
0.364463
0.00691674
0.776101
0.379336
0.544783
0.0370825
0.362984
0.446993
0.819942
0.731856
0.692347
0.910197
0.276855
0.416414
0.163165
0.890507
0.642107
0.146689
0.352313
0.654967
0.253212
0.167459
0.437753
0.378858
0.978246
0.520712
0.162036
0.354267
0.795862
0.0340559
0.362366
0.742026
0.768042
0.420193
0.871901
0.733176
0.938455
0.0769294
0.00527755
0.635118
0.52855
0.397403
0.127253
0.0777109
0.511931
0.967646
0.106504
0.186053
0.546894
0.478653
0.429715
0.826887
0.350481
0.485
0.256124
0.315367
0.999669
0.57258
0.312707
0.337969
0.389021
0.0473519
0.333357
0.329047
0.578196
0.373305
0.346652
0.529843
0.858116
0.602699
0.206698
0.968028
0.143449
0.472991
0.181805
0.0832166
0.0356587
0.755998
0.825053
0.661795
0.281761
0.323231
0.11892
0.476664
0.516523
0.967137
0.168212
0.0473825
0.0767457
0.900163
0.750603
0.0102252
0.662255
0.896815
0.8748
0.930935
0.231504
0.616124
0.731701
0.366726
0.313164
0.358133
0.105064
0.842955
0.344737
0.00433506
0.189559
0.258506
0.456616
0.513342
0.156989
0.571654
0.810747
0.530603
0.796726
0.726848
0.29859
0.247566
0.857893
0.155344
0.718898
0.179665
0.61658
0.984298
0.276375
0.874822
0.957942
0.423294
0.634464
0.0788602
0.0784525
0.908776
0.890497
0.180475
0.771409
0.351223
0.357223
0.569021
0.308705
0.487854
0.380826
0.317491
0.768279
0.85841
0.943964
0.990687
0.247403
0.684573
0.9259
0.5494
0.0603052
0.713388
0.673645
0.0396374
0.265246
0.817059
0.978021
0.563169
0.372597
0.831749
0.530932
0.7875
0.241169
0.815264
0.424087
0.0807549
0.677423
0.923678
0.579491
0.677755
0.257866
0.828386
0.710882
0.843145
0.155722
0.265344
0.474694
0.557443
0.572897
0.721691
0.629144
0.501356
0.109676
0.531294
0.865077
0.0611802
0.0207986
0.646286
0.723694
0.598856
0.571911
0.309447
0.0101141
0.152959
0.488339
0.533075
0.362489
0.332789
0.698471
0.513155
0.566632
0.696646
0.292003
0.142477
0.764676
0.732108
0.583018
0.0506426
0.882606
0.0269802
0.575797
0.394828
0.312239
0.959917
0.738928
0.266819
0.775906
0.312914
0.986181
0.170769
0.318004
0.492534
0.30843
0.0757555
0.751201
0.0401298
0.161451
0.0532377
0.777146
0.459566
0.181424
0.294473
0.946576
0.968027
0.897876
0.775843
0.681679
0.0873232
0.995175
0.118449
0.48468
0.123561
0.43629
0.121028
0.93004
0.39086
0.346695
0.376369
0.359236
0.60706
0.397672
0.704792
0.578467
0.272587
0.17393
0.726236
0.04539
0.9705
0.466268
0.882492
0.428374
0.0344048
0.383422
0.351232
0.956075
0.601189
0.406337
0.642655
0.323478
0.653038
0.378994
0.87175
0.761481
0.0788293
0.0619173
0.828658
0.137414
0.781085
0.779562
0.231283
0.518085
0.382279
0.0946476
0.533861
0.25327
0.715287
0.607498
0.884603
0.124048
0.702794
0.610088
0.897966
0.708565
0.977265
0.596339
0.0342067
0.353104
0.508996
0.516957
0.343087
0.046501
0.421312
0.593918
0.162668
0.880694
0.364252
0.250352
0.954094
0.7051
0.24677
0.275676
0.704667
0.389539
0.603538
0.411539
0.63073
0.0577601
0.671964
0.43953
0.866405
0.649409
0.117332
0.278754
0.399511
0.228037
0.910575
0.722185
0.770921
0.434682
0.408927
0.423585
0.714388
0.161453
0.776816
0.365048
0.225873
0.761639
0.0183825
0.40182
0.497694
0.938498
0.202505
0.419204
0.219987
0.820802
0.089765
0.798507
0.24593
0.978251
0.0059549
0.152528
0.354687
0.44884
0.835668
0.154195
0.876602
0.228823
0.905099
0.545913
0.696109
0.557803
0.309689
0.307836
0.665039
0.996291
0.32765
0.111825
0.984831
0.304058
0.92873
0.341767
0.950752
0.415009
0.696107
0.208486
0.171311
0.79155
0.917473
0.612462
0.811998
0.138887
0.367249
0.851642
0.224906
0.40725
0.306093
0.805331
0.647408
0.887613
0.202737
0.353136
0.394214
0.343991
0.99946
0.927642
0.434054
0.720335
0.88716
0.667816
0.627585
0.59903
0.985589
0.125784
0.108108
0.683428
0.0711516
0.388566
0.0429554
0.621563
0.614329
0.655774
0.775066
0.884171
0.0343836
0.837049
0.550904
0.550729
0.519845
0.0575438
0.556218
0.878699
0.59483
0.85368
0.174402
0.439171
0.525547
0.92084
0.412175
0.0442355
0.878022
0.21925
0.283461
0.606932
0.974977
0.146201
0.315614
0.858805
0.704527
0.756689
0.770618
0.647554
0.253907
0.224005
0.96448
0.101402
0.699349
0.827803
0.639011
0.114941
0.694269
0.0155146
0.0702367
0.124336
0.321774
0.610948
0.023442
0.621119
0.546942
0.709306
0.980805
0.162321
0.124254
0.359537
0.296348
0.515265
0.888044
0.915511
0.268648
0.856562
0.177086
0.168592
0.216291
0.0191556
0.937987
0.849237
0.515613
0.685198
0.235622
0.0372715
0.469432
0.0274428
0.072673
0.196852
0.761615
0.603974
0.256964
0.495262
0.351224
0.753156
0.426598
0.639443
0.74827
0.0773117
0.889234
0.260919
0.986035
0.0559509
0.397687
0.381148
0.935945
0.0402358
0.0436754
0.215304
0.634485
0.130812
0.58139
0.660852
0.322739
0.848454
0.790961
0.467377
0.238091
0.0193046
0.645067
0.104372
0.296597
0.11965
0.0159456
0.206517
0.709279
0.195409
0.471036
0.524819
0.59693
0.106765
0.374856
0.39865
0.520812
0.666036
0.870166
0.32196
0.461312
0.903912
0.986468
0.290072
0.0200578
0.271111
0.208896
0.605603
0.414322
0.861523
0.763695
0.949564
0.711106
0.533445
0.839961
0.20702
0.315963
0.407111
0.424395
0.372169
0.730279
0.85758
0.728652
0.216314
0.067833
0.537829
0.948295
0.29054
0.753329
0.463385
0.505547
0.249429
0.0936392
0.452458
0.485338
0.211482
0.40687
0.517349
0.716249
0.859437
0.960436
0.316785
0.753053
0.158305
0.220246
0.641245
0.895799
0.590478
0.988412
0.960805
0.52111
0.118281
0.195123
0.351733
0.822765
0.818353
0.2063
0.845009
0.735529
0.699419
0.0637919
0.97384
0.388
0.387434
0.245375
0.073921
0.920685
0.580974
0.744592
0.61257
0.557002
0.644065
0.128047
0.665831
0.366411
0.296837
0.0214396
0.670449
0.383731
0.243438
0.24826
0.551336
0.637766
0.884882
0.769914
0.221962
0.387911
0.823071
0.995511
0.815094
0.375494
0.407045
0.1766
0.229733
0.457556
0.486799
0.940081
0.246093
0.179144
0.0472541
0.402575
0.240622
0.987792
0.261741
0.873014
0.806451
0.713486
0.454066
0.967634
0.0250379
0.6641
0.795657
0.352367
0.36496
0.390992
0.503481
0.525695
0.775652
0.32703
0.309017
0.895504
0.976067
0.69542
0.100756
0.217517
0.989128
0.074559
0.55219
0.286529
0.711454
0.685818
0.702252
0.491761
0.015208
0.920652
0.327397
0.871837
0.706008
0.182021
0.570597
0.545307
0.93078
0.771938
0.265297
0.369455
0.855634
0.33434
0.127359
0.454356
0.971387
0.478255
0.426853
0.266832
0.980158
0.18344
0.487481
0.795002
0.403001
0.747202
0.825618
0.304177
0.154408
0.129569
0.446543
0.273215
0.1987
0.897499
0.874178
0.844469
0.630342
0.320201
0.00994931
0.731438
0.061039
0.516638
0.565744
0.709604
0.0587884
0.0377531
0.904005
0.888341
0.870708
0.795506
0.886251
0.207943
0.72271
0.677758
0.347177
0.961302
0.380564
0.235707
0.260848
0.48543
0.11663
0.8906
0.945816
0.988704
0.458332
0.869331
0.2281
0.339578
0.739999
0.607823
0.493878
0.0891064
0.235209
0.885304
0.662562
0.316918
0.680033
0.614732
0.21742
0.45428
0.84371
0.292525
0.435381
0.934301
0.534168
0.0502626
0.470753
0.888131
0.384661
0.981793
0.445876
0.990906
0.958039
0.0809294
0.213887
0.0885887
0.427547
0.706171
0.860921
0.502651
0.0615348
0.401036
0.994316
0.509065
0.277568
0.28787
0.400192
0.211648
0.81986
0.0401382
0.38604
0.635881
0.624756
0.781718
0.783995
0.690428
0.000562313
0.558328
0.741148
0.830284
0.298047
0.0504408
0.845051
0.0850063
0.402441
0.0680691
0.834218
0.76444
0.0640855
0.818056
0.37389
0.666724
0.455903
0.166508
0.529915
0.331147
0.730165
0.633236
0.636784
0.454929
0.939475
0.874068
0.750148
0.986786
0.0431174
0.448194
0.206104
0.6558
0.828353
0.0830428
0.520865
0.999139
0.0577135
0.0611463
0.0351117
0.281118
0.704179
0.623358
0.815671
0.0967149
0.300936
0.38736
0.00214852
0.639354
0.913389
0.819153
0.396546
0.634752
0.81537
0.42647
0.0906867
0.938011
0.411378
0.32019
0.171428
0.405925
0.463114
0.704752
0.861964
0.219778
0.65387
0.101866
0.447054
0.328391
0.28214
0.117878
0.611806
0.264467
0.782509
0.132445
0.251563
0.82946
0.816178
0.464416
0.512841
0.268628
0.946439
0.930066
0.900482
0.0282699
0.0483152
0.677881
0.440891
0.0936321
0.473441
0.599843
0.863996
0.0806114
0.955262
0.957843
0.145824
0.908369
0.318985
0.900816
0.730817
0.342932
0.961197
0.52001
0.481693
0.484226
0.241951
0.0730694
0.156372
0.505565
0.812863
0.702989
0.551096
0.607287
0.478001
0.842805
0.851048
0.0354637
0.440728
0.666208
0.642338
0.583572
0.728442
0.178072
0.832311
0.936272
0.867511
0.894027
0.167295
0.139018
0.300132
0.711871
0.221913
0.559094
0.533359
0.990647
0.640547
0.476797
0.421833
0.0155116
0.0846703
0.43265
0.668252
0.970059
0.261661
0.279136
0.537571
0.455497
0.214832
0.396928
0.0407025
0.550417
0.617774
0.164913
0.525019
0.89712
0.554909
0.74163
0.761906
0.957044
0.848559
0.774301
0.569965
0.764776
0.76073
0.70887
0.657374
0.407034
0.564608
0.694024
0.625854
0.924533
0.599888
0.453144
0.076978
0.459833
0.475305
0.283393
0.739301
0.685869
0.123332
0.11629
0.68967
0.157166
0.970898
0.318769
0.282118
0.968085
0.0714414
0.496064
0.937403
0.400476
0.837177
0.62691
0.47165
0.613225
0.405253
0.3213
0.0240748
0.794954
0.0738599
0.756298
0.167651
0.141719
0.295542
0.594203
0.41066
0.335125
0.892725
0.987572
0.783538
0.670264
0.284519
0.762725
0.729767
0.154996
0.686683
0.165239
0.735087
0.101507
0.103568
0.0991139
0.230169
0.201866
0.410809
0.564199
0.257105
0.502375
0.633669
0.767162
0.63607
0.813278
0.395346
0.972169
0.479329
0.0567712
0.498056
0.41791
0.283896
0.955308
0.0414106
0.439581
0.0662099
0.48555
0.719199
0.628635
0.0384419
0.361053
0.980513
0.189416
0.385986
0.330352
0.249064
0.123081
0.976771
0.948982
0.398271
0.707123
0.265807
0.34846
0.3097
0.619108
0.87989
0.166769
0.360871
0.140014
0.909392
0.10169
0.337371
0.736007
0.498389
0.773769
0.940843
0.0691527
0.0544566
0.123321
0.252823
0.0530102
0.825505
0.0739302
0.658738
0.368352
0.979376
0.330098
0.517284
0.0475756
0.548278
0.62324
0.600504
0.311746
0.192402
0.255126
0.217589
0.716264
0.803684
0.8255
0.97148
0.0222816
0.9646
0.179348
0.827431
0.839795
0.914188
0.64104
0.140568
0.464404
0.0485814
0.39264
0.598535
0.95083
0.536783
0.478035
0.200126
0.165033
0.958185
0.567382
0.0830205
0.103182
0.951189
0.402263
0.816557
0.985916
0.496723
0.475756
0.449955
0.419131
0.230864
0.987894
0.929241
0.0528818
0.897231
0.81273
0.0491553
0.603672
0.190787
0.427436
0.571137
0.901969
0.410948
0.325738
0.842401
0.0162547
0.847247
0.900514
0.645598
0.367762
0.447207
0.922549
0.789147
0.229851
0.298461
0.822243
0.798594
0.545678
0.623623
0.0307533
0.955552
0.811236
0.438613
0.84051
0.525637
0.872605
0.615104
0.287154
0.663328
0.130801
0.248447
0.0379489
0.0715436
0.387466
0.406367
0.910666
0.504547
0.906078
0.113086
0.183436
0.00223816
0.804509
0.402582
0.0942242
0.024006
0.512349
0.0198319
0.668788
0.961637
0.599203
0.235767
0.278151
0.641418
0.54191
0.600421
0.852461
0.0797024
0.746865
0.153919
0.72451
0.60466
0.474342
0.294089
0.169639
0.686551
0.10957
0.526283
0.354437
0.453778
0.851606
0.226079
0.538541
0.552508
0.422367
0.493627
0.217478
0.00210742
0.0134555
0.798269
0.581183
0.116384
0.982221
0.593962
0.383456
0.831339
0.618634
0.273974
0.0309374
0.0797089
0.603096
0.690841
0.321932
0.432971
0.0161871
0.233721
0.213065
0.4695
0.184634
0.277419
0.187485
0.788189
0.44674
0.806485
0.242837
0.336533
0.801684
0.843982
0.0933189
0.822846
0.808163
0.332756
0.433735
0.23518
0.96661
0.61987
0.580164
0.693507
0.686875
0.492315
0.701538
0.120629
0.479374
0.252614
0.137555
0.938558
0.222435
0.0759005
0.99208
0.212116
0.675918
0.580986
0.432754
0.777654
0.324316
0.191427
0.175825
0.221463
0.619062
0.643334
0.211875
0.0256041
0.0274332
0.755499
0.578198
0.591304
0.231944
0.94942
0.0874334
0.00742299
0.728827
0.826321
0.361411
0.974683
0.280315
0.921671
0.498797
0.0662319
0.307697
0.529237
0.961469
0.563749
0.0655972
0.511399
0.354939
0.817517
0.866868
0.0261268
0.0714902
0.324881
0.227114
0.40534
0.0117241
0.525608
0.456862
0.774314
0.550316
0.346206
0.842621
0.764976
0.0582918
0.656306
0.677334
0.088797
0.321332
0.185067
0.631699
0.657722
0.0814016
0.536145
0.712585
0.740777
0.754648
0.685195
0.763518
0.55032
0.203084
0.78193
0.668602
0.862426
0.11849
0.717274
0.881812
0.690336
0.822267
0.565595
0.732006
0.795359
0.0229086
0.388577
0.111282
0.639974
0.631496
0.374594
0.44228
0.862663
0.389933
0.222273
0.921623
0.66998
0.776521
0.302833
0.35469
0.0627719
0.578537
0.904509
0.366336
0.330032
0.99897
0.896846
0.0416949
0.171482
0.815198
0.280036
0.37955
0.42086
0.304569
0.134265
0.585637
0.00174316
0.417159
0.772107
0.294848
0.135822
0.622554
0.282011
0.572397
0.704641
0.251552
0.87078
0.6428
0.463242
0.884502
0.224115
0.329319
0.753252
0.210294
0.470534
0.16108
0.581669
0.306718
0.841906
0.626277
0.716065
0.754323
0.0759201
0.79846
0.0179053
0.927868
0.0173346
0.0602493
0.159657
0.100097
0.53406
0.780636
0.355621
0.0466998
0.473301
0.844206
0.682503
0.566564
0.0804921
0.103846
0.619565
0.900054
0.882812
0.156473
0.151395
0.584679
0.713053
0.222573
0.845971
0.481888
0.0726422
0.909799
0.673201
0.617031
0.776598
0.50668
0.169796
0.989855
0.896164
0.0580847
0.262197
0.497245
0.664917
0.178351
0.205031
0.946436
0.0646585
0.0566616
0.777997
0.223879
0.256833
0.226202
0.856157
0.973933
0.934654
0.425888
0.504705
0.602686
0.256549
0.699161
0.488921
0.864953
0.0961551
0.640845
0.303304
0.196314
0.295305
0.278772
0.687171
0.827676
0.0817241
0.400171
0.681689
0.426168
0.0218814
0.369477
0.284477
0.78751
0.47627
0.40074
0.658955
0.128879
0.998026
0.0855549
0.226638
0.327321
0.388941
0.978097
0.674431
0.151692
0.436132
0.798681
0.236102
0.125156
0.692661
0.656006
0.605254
0.617168
0.541413
0.995072
0.336694
0.860749
0.629363
0.8594
0.46456
0.649977
0.999384
0.444746
0.706142
0.212745
0.468254
0.558641
0.495487
0.0631944
0.845447
0.44899
0.908479
0.954343
0.56096
0.475623
0.06664
0.480001
0.0482251
0.0183049
0.654308
0.165291
0.196879
0.0414314
0.592649
0.509669
0.906972
0.22162
0.960451
0.244617
0.211482
0.425912
0.424693
0.450152
0.605711
0.637332
0.257456
0.790674
0.348074
0.536037
0.240727
0.744602
0.574525
0.633476
0.298257
0.413701
0.310191
0.775319
0.121531
0.812498
0.612272
0.227544
0.667682
0.848337
0.802324
0.472212
0.895779
0.13669
0.224095
0.878159
0.489643
0.474462
0.12056
0.196769
0.198586
0.0500444
0.732543
0.679919
0.0161254
0.676029
0.442874
0.882703
0.288682
0.297643
0.0738187
0.400917
0.0608265
0.137609
0.0963552
0.938407
0.25074
0.216274
0.977068
0.0354959
0.178214
0.833521
0.814913
0.881684
0.76469
0.0617753
0.302826
0.64882
0.686279
0.811727
0.34072
0.480492
0.324595
0.107811
0.703286
0.233146
0.625142
0.927015
0.111193
0.728923
0.743962
0.946295
0.831016
0.984413
0.997769
0.764788
0.71941
0.882248
0.658548
0.0353732
0.609122
0.311144
0.802669
0.61472
0.157624
0.340379
0.17319
0.594006
0.727031
0.130558
0.623079
0.795543
0.128023
0.273092
0.629607
0.375122
0.861933
0.577505
0.023276
0.598805
0.880314
0.676624
0.101791
0.835469
0.848102
0.0246552
0.862217
0.203034
0.830326
0.0303172
0.107499
0.445996
0.798335
0.0778257
0.859062
0.408087
0.617952
0.812358
0.230897
0.495575
0.403655
0.806216
0.288408
0.885544
0.444193
0.123556
0.453998
0.332437
0.929537
0.407286
0.184761
0.826175
0.997744
0.454123
0.0157848
0.895976
0.822947
0.92937
0.494619
0.363166
0.809485
0.209212
0.749972
0.101005
0.739829
0.083852
0.430121
0.668917
0.638435
0.759452
0.345391
0.708129
0.110168
0.323755
0.660026
0.844145
0.165523
0.111768
0.308315
0.381936
0.67309
0.35921
0.469073
0.664914
0.936053
0.410978
0.0993288
0.726081
0.616025
0.932237
0.531385
0.81947
0.764818
0.610531
0.113085
0.314753
0.255323
0.901219
0.92083
0.0733295
0.0175293
0.626995
0.419453
0.619512
0.566951
0.695265
0.417287
0.577595
0.207474
0.995342
0.889287
0.0503579
0.656285
0.980602
0.128041
0.0853747
0.8392
0.626904
0.637091
0.484355
0.888548
0.920756
0.838634
0.487474
0.966345
0.677934
0.230329
0.763882
0.398092
0.330196
0.568223
0.983866
0.541931
0.551258
0.414876
0.162432
0.108928
0.15806
0.557439
0.986539
0.790677
0.959378
0.778198
0.644227
0.552843
0.996226
0.0358669
0.750899
0.244471
0.101919
0.507011
0.00693534
0.440652
0.929208
0.312768
0.22921
0.293341
0.0695505
0.887916
0.615603
0.0586312
0.343773
0.26125
0.71943
0.065518
0.41457
0.884158
0.559612
0.958228
0.815744
0.845521
0.438113
0.741387
0.114867
0.306586
0.824322
0.232161
0.436801
0.597081
0.182205
0.675712
0.429822
0.449104
0.507086
0.495734
0.572366
0.43663
0.0704821
0.61774
0.908708
0.151556
0.643744
0.498435
0.988655
0.487685
0.323703
0.73927
0.92081
0.144164
0.863166
0.624982
0.485157
0.971775
0.366174
0.249297
0.805537
0.0500474
0.972213
0.973264
0.516419
0.333113
0.204002
0.036983
0.0828861
0.22019
0.713253
0.872726
0.83488
0.671153
0.159287
0.650198
0.471684
0.243693
0.228241
0.824697
0.913198
0.88801
0.287672
0.946368
0.69998
0.969455
0.755044
0.69396
0.727376
0.920475
0.843452
0.829928
0.672236
0.00526346
0.559555
0.410401
0.645998
0.339776
0.292311
0.559305
0.666815
0.762887
0.911618
0.288952
0.202828
0.3049
0.597143
0.586909
0.784766
0.839193
0.39904
0.151352
0.983726
0.90908
0.718338
0.650891
0.785609
0.275173
0.450575
0.21931
0.819483
0.969071
0.481057
0.614385
0.938986
0.34032
0.155887
0.438017
0.301751
0.420737
0.716434
0.704545
0.839489
0.988505
0.133197
0.110041
0.127591
0.891239
0.347516
0.00136063
0.00595259
0.0356447
0.409916
0.698609
0.67653
0.413308
0.541097
0.104806
0.251669
0.829215
0.325402
0.37819
0.319048
0.329819
0.748632
0.179834
0.0203927
0.200189
0.293317
0.655142
0.74306
0.613171
0.471358
0.894424
0.268644
0.138886
0.992987
0.402117
0.974885
0.574601
0.966012
0.86574
0.0906791
0.464574
0.228492
0.319435
0.196067
0.163023
0.637822
0.662514
0.632558
0.146948
0.440647
0.968587
0.932229
0.309424
0.737534
0.264021
0.969873
0.190023
0.610279
0.0996277
0.825734
0.899509
0.792705
0.487957
0.750235
0.67721
0.54465
0.110102
0.906557
0.449818
0.00690761
0.783945
0.9903
0.463228
0.303359
0.403356
0.231184
0.614878
0.105709
0.584793
0.188873
0.415391
0.107314
0.944949
0.0562426
0.228763
0.863498
0.481165
0.843298
0.738721
0.367131
0.893207
0.542304
0.492302
0.871547
0.699627
0.228095
0.46103
0.392638
0.62348
0.261977
0.270518
0.563118
0.156377
0.588973
0.541976
0.372838
0.604849
0.433058
0.214819
0.938572
0.568517
0.202344
0.977346
0.0805692
0.458053
0.5951
0.657749
0.464962
0.966051
0.98145
0.904159
0.96839
0.770594
0.214103
0.201707
0.48767
0.630932
0.975157
0.766072
0.209637
0.37671
0.786697
0.185515
0.181701
0.0939734
0.529268
0.22948
0.744819
0.318637
0.245491
0.666625
0.0582743
0.592548
0.366791
0.337057
0.211473
0.958378
0.64561
0.449229
0.969159
0.673786
0.915433
0.294606
0.734355
0.669244
0.757899
0.0261497
0.61196
0.721405
0.632627
0.147876
0.0811616
0.128776
0.355472
0.216833
0.869592
0.313159
0.750104
0.765998
0.0924724
0.193812
0.182481
0.578956
0.453743
0.726718
0.105701
0.381874
0.0142816
0.648497
0.21293
0.698783
0.292439
0.110689
0.977782
0.775635
0.162156
0.0579519
0.474418
0.796028
0.804894
0.928044
0.27475
0.312354
0.427206
0.0272349
0.181516
0.218664
0.337651
0.130397
0.916606
0.0516341
0.531246
0.0362597
0.771469
0.0159343
0.471739
0.824997
0.613644
0.410823
0.164384
0.985208
0.334412
0.518317
0.548644
0.462481
0.823106
0.751393
0.487364
0.975768
0.475608
0.969406
0.9538
0.216103
0.803061
0.512504
0.580514
0.960136
0.993229
0.180473
0.878428
0.695548
0.0264015
0.978009
0.251897
0.157746
0.661271
0.497711
0.759311
0.316608
0.0176323
0.0154459
0.686515
0.129786
0.564918
0.334755
0.817088
0.374721
0.496615
0.375532
0.402597
0.142214
0.3303
0.183205
0.040733
0.818428
0.798843
0.417953
0.259111
0.208806
0.795667
0.46731
0.10257
0.22261
0.735151
0.505565
0.810235
0.202281
0.204282
0.925794
0.798493
0.151324
0.952757
0.520647
0.618777
0.892391
0.555543
0.497215
0.620808
0.286377
0.3714
0.780471
0.437052
0.821301
0.456779
0.716864
0.698996
0.168516
0.378175
0.749063
0.914279
0.343957
0.743255
0.554179
0.180678
0.66386
0.134184
0.393595
0.994243
0.489741
0.132097
0.699982
0.206498
0.54768
0.847439
0.702967
0.00209523
0.306251
0.725842
0.0799668
0.822747
0.257546
0.0976585
0.0931844
0.295074
0.112407
0.319337
0.538432
0.583601
0.628094
0.31342
0.835163
0.176524
0.118471
0.678461
0.882416
0.672331
0.797491
0.295157
0.169857
0.170657
0.716123
0.0480468
0.644006
0.457433
0.147512
0.110603
0.653089
0.819116
0.403623
0.169845
0.0616171
0.382315
0.216261
0.751145
0.756918
0.596197
0.781521
0.373512
0.994864
0.311591
0.128768
0.761876
0.186082
0.465588
0.521345
0.166469
0.813413
0.278338
0.210105
0.00886596
0.0384487
0.812819
0.755347
0.109454
0.93358
0.216848
0.442204
0.229407
0.501592
0.884071
0.238194
0.904804
0.710228
0.61473
0.625159
0.119462
0.174113
0.230558
0.690577
0.472581
0.119147
0.409262
0.994816
0.75592
0.34806
0.337687
0.774004
0.243134
0.289101
0.827834
0.526857
0.442683
0.697456
0.578149
0.762487
0.942233
0.944556
0.912886
0.108726
0.743615
0.665232
0.216348
0.949776
0.461768
0.95165
0.514366
0.166224
0.798014
0.582159
0.935679
0.972885
0.844559
0.188802
0.166262
0.268944
0.93782
0.955613
0.601362
0.402411
0.193363
0.0100166
0.495324
0.908917
0.523347
0.0133949
0.535394
0.728047
0.190978
0.276506
0.646833
0.65491
0.202433
0.795812
0.932092
0.563652
0.156486
0.831026
0.845252
0.13372
0.749634
0.934885
0.862771
0.880833
0.125792
0.835648
0.467974
0.918679
0.380122
0.285204
0.259152
0.4414
0.553918
0.721357
0.80381
0.858165
0.0762973
0.954229
0.456775
0.231621
0.708504
0.168096
0.725197
0.947451
0.12245
0.20938
0.282474
0.0692732
0.506665
0.700927
0.514837
0.160836
0.691685
0.45982
0.664357
0.769736
0.221925
0.64056
0.0553119
0.741884
0.766833
0.541552
0.857727
0.862512
0.0439751
0.913122
0.65659
0.660711
0.938736
0.615776
0.18012
0.743763
0.0446662
0.741156
0.295191
0.576422
0.704549
0.80011
0.369044
0.0529833
0.665847
0.93312
0.809282
0.773096
0.449713
0.250098
0.471161
0.229837
0.971422
0.603143
0.547232
0.423499
0.518385
0.95731
0.768178
0.313697
0.112669
0.649969
0.646105
0.109726
0.108636
0.0538377
0.566086
0.860644
0.225145
0.588089
0.873402
0.563052
0.282844
0.896062
0.519274
0.834706
0.156359
0.402428
0.882859
0.871035
0.997043
0.186127
0.409955
0.0598923
0.187158
0.41725
0.0790917
0.0399577
0.894858
0.494235
0.856746
0.536304
0.654766
0.581388
0.770499
0.167772
0.864446
0.881442
0.0900778
0.599463
0.198039
0.340103
0.917354
0.528612
0.280114
0.127061
0.753263
0.0461877
0.295339
0.412191
0.712061
0.330989
0.640252
0.132904
0.137135
0.389323
0.862054
0.300232
0.609176
0.09468
0.0691156
0.539539
0.54917
0.765251
0.593177
0.634505
0.704759
0.193572
0.146747
0.170659
0.833006
0.992818
0.394237
0.616571
0.888398
0.446109
0.777106
0.472545
0.120321
0.540552
0.24123
0.372956
0.194278
0.667552
0.573374
0.903455
0.693157
0.0650265
0.64378
0.497261
0.857364
0.241271
0.706666
0.893051
0.590945
0.344793
0.202846
0.220926
0.247965
0.854852
0.311596
0.089389
0.142415
0.105868
0.021395
0.326874
0.0845118
0.238993
0.726691
0.45425
0.444382
0.85837
0.085632
0.681961
0.243377
0.815982
0.630427
0.147845
0.16837
0.489887
0.61855
0.569116
0.22109
0.0713222
0.543531
0.658604
0.48536
0.74144
0.800561
0.535606
0.732812
0.210842
0.797682
0.622233
0.136308
0.189779
0.0919291
0.201547
0.551392
0.194124
0.959138
0.622305
0.388065
0.528857
0.445872
0.98367
0.858301
0.346691
0.14523
0.970403
0.453413
0.760889
0.902527
0.598936
0.922843
0.381887
0.114791
0.0777935
0.698069
0.571343
0.0340904
0.487254
0.862404
0.924709
0.958419
0.645771
0.0138732
0.457151
0.786598
0.908044
0.455606
0.334098
0.351631
0.0515213
0.197254
0.0993592
0.994092
0.797095
0.185277
0.265477
0.131156
0.0055752
0.336211
0.45375
0.58032
0.141915
0.632482
0.1611
0.510834
0.461081
0.843919
0.560572
0.363802
0.9551
0.521888
0.41021
0.545453
0.163128
0.0394126
0.433118
0.876902
0.552379
0.477679
0.825791
0.220807
0.172647
0.227479
0.646417
0.495705
0.295825
0.35105
0.470796
0.863346
0.638158
0.736049
0.473604
0.0272667
0.6951
0.0968816
0.0908168
0.860382
0.268775
0.92994
0.597299
0.915158
0.882507
0.10473
0.391883
0.151071
0.220977
0.445142
0.190284
0.566649
0.757776
0.101838
0.547403
0.193043
0.279289
0.877626
0.360845
0.480032
0.0673883
0.599132
0.754204
0.246174
0.868234
0.852852
0.330078
0.211228
0.94298
0.949431
0.174803
0.933178
0.479896
0.291415
0.705521
0.893846
0.673485
0.496664
0.185307
0.784964
0.413176
0.758573
0.405005
0.0852742
0.941895
0.754137
0.127069
0.478176
0.330025
0.796051
0.722254
0.274801
0.277098
0.569032
0.516233
0.261475
0.535145
0.59904
0.453123
0.904867
0.10903
0.319981
0.0346976
0.730589
0.539024
0.235281
0.481122
0.138601
0.493519
0.846736
0.946454
0.502679
0.816729
0.779759
0.166388
0.823603
0.151883
0.621379
0.509215
0.771258
0.256741
0.149023
0.803946
0.634138
0.969908
0.814587
0.0294638
0.603192
0.376049
0.71321
0.523249
0.131858
0.666876
0.298909
0.273757
0.795032
0.671012
0.928272
0.078658
0.0382695
0.466094
0.370327
0.172223
0.613879
0.464266
0.78409
0.605441
0.0847386
0.0678468
0.763753
0.226873
0.872557
0.805329
0.904786
0.392367
0.702527
0.0266464
0.993408
0.948077
0.432172
0.697252
0.691601
0.383328
0.905693
0.858142
0.0112052
0.947751
0.970628
0.391914
0.642984
0.691142
0.117591
0.492503
0.562414
0.00393128
0.231979
0.721716
0.166339
0.994785
0.862171
0.616515
0.334668
0.872561
0.271529
0.987935
0.658883
0.609231
0.151362
0.844565
0.045032
0.703184
0.866366
0.766132
0.497458
0.540994
0.445837
0.976312
0.0850806
0.24646
0.741965
0.857758
0.608529
0.115799
0.432343
0.975003
0.655823
0.997188
0.530751
0.0231716
0.590519
0.466579
0.416204
0.275283
0.815415
0.871161
0.330428
0.611802
0.00312654
0.0811124
0.551434
0.166711
0.711927
0.029747
0.734301
0.885709
0.491452
0.101331
0.220415
0.296534
0.212641
0.107377
0.103434
0.0657621
0.831804
0.841717
0.164609
0.593434
0.985474
0.524549
0.0660075
0.325208
0.428651
0.705216
0.213736
0.86279
0.966262
0.844387
0.668106
0.0056004
0.501772
0.998363
0.429608
0.0759793
0.4415
0.724369
0.103127
0.894507
0.626813
0.311064
0.831901
0.395608
0.302801
0.587002
0.582896
0.978599
0.158328
0.0148195
0.639429
0.148085
0.349209
0.0571964
0.376271
0.204553
0.229539
0.387859
0.0251015
0.420749
0.543797
0.624838
0.743954
0.0985957
0.198605
0.733637
0.189759
0.181806
0.954527
0.283282
0.00610276
0.988298
0.362198
0.979719
0.106876
0.234116
0.347891
0.685026
0.95787
0.0730494
0.855572
0.402385
0.907643
0.617538
0.242787
0.158398
0.373595
0.322832
0.171206
0.54032
0.307298
0.19873
0.671089
0.757857
0.444239
0.715331
0.951073
0.183822
0.128493
0.224363
0.707174
0.0913498
0.735077
0.661546
0.13634
0.178741
0.360193
0.87408
0.184206
0.550211
0.963659
0.979362
0.254535
0.399134
0.296171
0.760801
0.837841
0.647878
0.0109141
0.848784
0.980692
0.959647
0.440438
0.678869
0.595756
0.207908
0.322048
0.547669
0.263021
0.979113
0.250942
0.510561
0.0214091
0.402438
0.202661
0.990398
0.514168
0.23965
0.397008
0.159202
0.429249
0.956395
0.50132
0.091807
0.755241
0.377589
0.931942
0.190121
0.0354808
0.485443
0.0694075
0.660176
0.947158
0.278235
0.22349
0.003183
0.858745
0.414078
0.0916975
0.764664
0.175263
0.671019
0.380039
0.853492
0.958307
0.0136879
0.256823
0.365363
0.720206
0.989087
0.719179
0.445365
0.28242
0.512268
0.0300222
0.542332
0.372911
0.0995514
0.968576
0.722073
0.0350946
0.236402
0.30098
0.605521
0.452085
0.546922
0.255518
0.216489
0.0796751
0.0927866
0.715718
0.221785
0.360301
0.263865
0.147203
0.794891
0.691473
0.457682
0.145201
0.595373
0.928019
0.83867
0.759447
0.344057
0.0121941
0.375763
0.593907
0.821195
0.35328
0.76641
0.769062
0.610636
0.973639
0.0687674
0.0319458
0.144698
0.964391
0.807557
0.45778
0.802836
0.174796
0.937747
0.187765
0.556841
0.314481
0.33437
0.665888
0.64372
0.458288
0.293324
0.735274
0.569078
0.630002
0.867795
0.120348
0.213674
0.586774
0.609585
0.184911
0.554925
0.660931
0.315823
0.878004
0.0327051
0.624344
0.105128
0.367171
0.89927
0.510751
0.980126
0.323168
0.971594
0.872364
0.606942
0.690712
0.12314
0.163476
0.172743
0.388065
0.427741
0.50535
0.314323
0.788122
0.682854
0.958607
0.236128
0.888881
0.975895
0.174724
0.940094
0.450346
0.0496707
0.548554
0.0268079
0.325619
0.242461
0.778928
0.101435
0.209658
0.802925
0.739159
0.187611
0.446592
0.102033
0.488411
0.902363
0.048725
0.743166
0.615554
0.481289
0.155012
0.756344
0.879585
0.486659
0.550175
0.609612
0.568471
0.984831
0.929796
0.479205
0.0917461
0.118103
0.0749281
0.756516
0.651757
0.748272
0.817305
0.883772
0.414315
0.631031
0.777249
0.102121
0.0501456
0.651519
0.960738
0.606864
0.109975
0.357802
0.639559
0.340974
0.214901
0.900808
0.883118
0.710521
0.710421
0.712
0.898711
0.719343
0.642984
0.420624
0.109297
0.258642
0.481437
0.00719609
0.170491
0.797553
0.822648
0.627485
0.330091
0.164005
0.712555
0.950772
0.464333
0.698336
0.613748
0.92206
0.780021
0.245544
0.830325
0.178049
0.767219
0.929794
0.381364
0.0543191
0.101775
0.662064
0.692526
0.256923
0.661876
0.353644
0.482865
0.64309
0.300221
0.770655
0.769167
0.47119
0.727653
0.84539
0.275425
0.188258
0.698619
0.247808
0.633621
0.558179
0.493031
0.558561
0.0493415
0.454036
0.071257
0.792785
0.314267
0.212721
0.701254
0.372313
0.32375
0.0710391
0.412423
0.148944
0.707118
0.163357
0.712004
0.905948
0.819081
0.377222
0.489281
0.227483
0.232776
0.42672
0.96559
0.0742072
0.936245
0.841798
0.50701
0.761362
0.743504
0.429082
0.316874
0.188727
0.655792
0.729178
0.349681
0.770131
0.856427
0.154893
0.175446
0.549603
0.47475
0.605594
0.443836
0.880538
0.762857
0.643607
0.107882
0.949788
0.570808
0.285457
0.346152
0.0590856
0.498529
0.133473
0.264761
0.252463
0.66881
0.280833
0.207339
0.568685
0.134054
0.706285
0.831162
0.99286
0.976148
0.5132
0.658731
0.894915
0.79649
0.329344
0.541923
0.804674
0.722987
0.581002
0.371098
0.238915
0.979179
0.121847
0.702764
0.697297
0.259078
0.971643
0.329547
0.947837
0.79237
0.146532
0.401601
0.909845
0.890715
0.664581
0.377962
0.872987
0.646792
0.572676
0.604611
0.372378
0.495375
0.584099
0.749534
0.534629
0.788103
0.370895
0.450208
0.637448
0.101635
0.0292139
0.859606
0.492938
0.285053
0.519889
0.775381
0.304961
0.133165
0.949048
0.290846
0.307377
0.0224117
0.632867
0.435087
0.590409
0.249471
0.424074
0.248136
0.755713
0.325585
0.106414
0.25333
0.251309
0.969637
0.390683
0.592232
0.326166
0.0916033
0.349327
0.389894
0.508398
0.369522
0.496734
0.833644
0.384005
0.404061
0.776935
0.328739
0.909892
0.370216
0.815914
0.86654
0.299968
0.161661
0.0422359
0.79276
0.899858
0.0678653
0.698822
0.785039
0.874402
0.078433
0.831879
0.0764126
0.694664
0.254084
0.726993
0.913732
0.869077
0.622381
0.515742
0.714587
0.437344
0.3162
0.304292
0.479869
0.161958
0.877274
0.471753
0.526298
0.282269
0.912207
0.119213
0.430527
0.347447
0.26242
0.469222
0.76267
0.0473474
0.829071
0.431211
0.843873
0.974052
0.868143
0.797344
0.685918
0.952149
0.406001
0.694534
0.331713
0.869596
0.303981
0.443206
0.113147
0.096348
0.31461
0.907425
0.384908
0.737185
0.136593
0.418728
0.639016
0.996117
0.542338
0.346672
0.983631
0.622433
0.685345
0.238165
0.611848
0.218012
0.627954
0.805984
0.851525
0.509416
0.921088
0.544456
0.685186
0.902679
0.414368
0.218237
0.566455
0.688079
0.640141
0.0280715
0.490747
0.724983
0.574326
0.0568653
0.438015
0.813234
0.52715
0.0629967
0.394251
0.438031
0.404889
0.350741
0.548388
0.258598
0.260649
0.056551
0.916109
0.773931
0.745805
0.252875
0.973766
0.748841
0.0952901
0.907341
0.051684
0.876154
0.0314132
0.51032
0.267351
0.407655
0.509245
0.0392689
0.437811
0.402063
0.538038
0.945824
0.210666
0.540267
0.370128
0.868759
0.262641
0.444474
0.763519
0.569362
0.110427
0.515833
0.414876
0.539322
0.0591608
0.754895
0.071581
0.00612747
0.421749
0.414398
0.716053
0.440423
0.360361
0.281167
0.303192
0.22017
0.401294
0.364327
0.236199
0.883907
0.212606
0.33508
0.0245282
0.0783998
0.69846
0.051523
0.191352
0.695556
0.994259
0.458286
0.905922
0.782209
0.584986
0.389888
0.130174
0.723355
0.165493
0.589654
0.525586
0.282124
0.922803
0.0481773
0.416018
0.154401
0.92665
0.271951
0.506321
0.304315
0.651333
0.110374
0.726394
0.744626
0.614672
0.328807
0.0506681
0.168326
0.419459
0.828334
0.145346
0.461991
0.65048
0.103116
0.454546
0.659585
0.39069
0.961925
0.0678221
0.076198
0.573015
0.28945
0.455586
0.779194
0.646792
0.299529
0.0956079
0.791703
0.732906
0.907856
0.996566
0.712175
0.929596
0.181644
0.14431
0.0981428
0.393165
0.999792
0.160715
0.742427
0.0841161
0.402259
0.331314
0.995424
0.496304
0.822778
0.648344
0.627302
0.0962875
0.527112
0.444335
0.378869
0.934298
0.193382
0.816396
0.301113
0.160866
0.959696
0.64089
0.917397
0.503828
0.533611
0.881318
0.780992
0.0825479
0.0323991
0.428143
0.588991
0.102782
0.48148
0.356674
0.873513
0.80183
0.683026
0.00392538
0.00674303
0.736686
0.0125242
0.696811
0.339262
0.120252
0.531093
0.696205
0.866121
0.750733
0.801279
0.266567
0.409856
0.782422
0.461063
0.657374
0.901455
0.861999
0.347294
0.274957
0.605347
0.666774
0.781769
0.254318
0.534863
0.83629
0.989185
0.376814
0.0247878
0.292148
0.861362
0.827417
0.512756
0.695087
0.389677
0.018389
0.359166
0.975138
0.205266
0.100996
0.624886
0.346242
0.598503
0.437246
0.658565
0.724869
0.47014
0.812864
0.0798792
0.501329
0.204122
0.992143
0.862393
0.48212
0.490483
0.378583
0.462404
0.449856
0.868514
0.995767
0.647343
0.989134
0.19868
0.596699
0.770998
0.939249
0.544891
0.011892
0.561061
0.627032
0.541066
0.836795
0.0705996
0.576175
0.59131
0.066504
0.07829
0.604139
0.407967
0.914268
0.133801
0.468925
0.0530467
0.217637
0.299508
0.396247
0.330239
0.150134
0.880495
0.312263
6.35257e-05
0.434259
0.0192304
0.53053
0.422182
0.0391957
0.194585
0.967497
0.530742
0.184003
0.86262
0.562449
0.628496
0.651164
0.225281
0.716654
0.808486
0.592715
0.260415
0.251309
0.494259
0.000636511
0.672865
0.423338
0.0876855
0.223112
0.0988899
0.520827
0.610283
0.73523
0.976655
0.730541
0.710206
0.94557
0.476257
0.964054
0.594821
0.861524
0.785366
0.357616
0.791823
0.961212
0.196366
0.839171
0.251875
0.111696
0.562137
0.745467
0.665877
0.927985
0.481349
0.445461
0.421336
0.88554
0.95895
0.133064
0.453579
0.679459
0.127925
0.615457
0.0501846
0.365394
0.512839
0.78011
0.0528519
0.276629
0.590188
0.626811
0.464698
0.895425
0.879238
0.224639
0.842851
0.308878
0.778745
0.848589
0.665422
0.800802
0.420981
0.98068
0.000966914
0.26706
0.677695
0.967417
0.163395
0.704928
0.370855
0.572834
0.421377
0.363707
0.414349
0.887236
0.150712
0.355496
0.10662
0.404494
0.234958
0.240206
0.219264
0.211293
0.0653602
0.242584
0.350649
0.12452
0.568717
0.751382
0.0257326
0.600488
0.474518
0.671662
0.269609
0.357349
0.853162
0.514473
0.919759
0.207703
0.689603
0.77017
0.0732536
0.908895
0.348608
0.161884
0.0332553
0.797858
0.502758
0.43818
0.860493
0.504925
0.829414
0.358348
0.721134
0.104979
0.269414
0.787975
0.0926576
0.648243
0.205375
0.613567
0.936457
0.340984
0.824264
0.935809
0.368006
0.591294
0.371105
0.813468
0.102587
0.791948
0.748304
0.604035
0.270992
0.748156
0.123486
0.805661
0.733395
0.938653
0.388925
0.261028
0.00155735
0.569423
0.392346
0.276313
0.0741847
0.991311
0.683185
0.424113
0.738109
0.0187179
0.079422
0.481165
0.488079
0.196541
0.851013
0.806832
0.879119
0.493381
0.35244
0.466357
0.569641
0.0268114
0.0432947
0.42656
0.545403
0.342842
0.654213
0.7749
0.722656
0.612545
0.667216
0.109162
0.206247
0.175729
0.913144
0.178017
0.149892
0.610347
0.612038
0.572661
0.40626
0.905655
0.993907
0.298676
0.943893
0.763229
0.817085
0.758161
0.253038
0.278404
0.23137
0.361497
0.544948
0.933982
0.180331
0.382797
0.519516
0.358958
0.458243
0.676603
0.927053
0.983958
0.345964
0.0944663
0.173996
0.364708
0.0439856
0.880333
0.734479
0.00853154
0.587377
0.619153
0.971989
0.365037
0.865358
0.326881
0.686638
0.174256
0.477341
0.266366
0.986881
0.985704
0.344226
0.796172
0.444981
0.860701
0.772973
0.757834
0.379147
0.708853
0.464927
0.344114
0.0629731
0.747409
0.099568
0.636401
0.17504
0.456097
0.0858456
0.831184
0.0198666
0.167938
0.53154
0.00588986
0.606642
0.392102
0.861707
0.617334
0.733129
0.729473
0.933891
0.75056
0.289114
0.0104169
0.989331
0.863266
0.893922
0.306741
0.385004
0.523509
0.468392
0.178352
0.824866
0.0931087
0.814805
0.885204
0.158561
0.801019
0.153935
0.187476
0.675874
0.209838
0.32168
0.69266
0.0361707
0.458582
0.867021
0.71287
0.614507
0.759554
0.963647
0.66809
0.0396834
0.228656
0.26295
0.732612
0.91328
0.850246
0.602273
0.454545
0.433055
0.600886
0.195702
0.818203
0.712611
0.876137
0.986698
0.10712
0.249514
0.0440699
0.959453
0.993851
0.266939
0.47959
0.991471
0.748153
0.613297
0.504022
0.999241
0.200591
0.631061
0.0452596
0.28319
0.303186
0.385611
0.272424
0.847622
0.835655
0.698466
0.905125
0.227565
0.946164
0.141078
0.320623
0.154073
0.927345
0.853119
0.643001
0.107492
0.469607
0.413547
0.0771548
0.214296
0.525508
0.551026
0.997035
0.693647
0.319725
0.325235
0.465523
0.497452
0.313129
0.960099
0.475683
0.105613
0.0440417
0.554222
0.155893
0.917357
0.888441
0.421324
0.0306037
0.226802
0.14805
0.576912
0.978291
0.388909
0.0712083
0.439345
0.414602
0.127224
0.429535
0.477533
0.464753
0.200955
0.254931
0.883277
0.650075
0.0503238
0.381037
0.699794
0.140762
0.282626
0.409328
0.412013
0.966128
0.185297
0.719265
0.895472
0.088221
0.367678
0.0975686
0.654883
0.296878
0.256661
0.929408
0.984591
0.626171
0.563322
0.583962
0.98472
0.0462373
0.621205
0.500001
0.717009
0.836132
0.899272
0.876482
0.525139
0.226542
0.783941
0.253581
0.371785
0.802981
0.415675
0.109733
0.702232
0.0845896
0.97009
0.652458
0.80878
0.540674
0.687536
0.546759
0.45646
0.436569
0.160198
0.806076
0.152606
0.850723
0.680292
0.0773282
0.980566
0.383318
0.818324
0.932386
0.260136
0.482656
0.626518
0.472751
0.249814
0.11615
0.431082
0.77377
0.456935
0.774595
0.788443
0.200191
0.290042
0.752047
0.0900418
0.955855
0.871511
0.102636
0.620765
0.0380152
0.6089
0.445539
0.646853
0.108698
0.96675
0.878458
0.963559
0.207471
0.23105
0.985989
0.469431
0.902028
0.223391
0.0999751
0.582175
0.904224
0.74671
0.926785
0.567291
0.00846935
0.551678
0.958207
0.119011
0.884764
0.202155
0.39552
0.110072
0.285955
0.227276
0.584563
0.644971
0.694938
0.91503
0.956861
0.344238
0.129114
0.0678843
0.111896
0.23396
0.142428
0.935859
0.442397
0.578153
0.876095
0.983909
0.0417681
0.414709
0.249765
0.287333
0.14137
0.768906
0.282387
0.875898
0.803231
0.039103
0.144979
0.72714
0.271495
0.985833
0.887079
0.202628
0.111083
0.0909371
0.583109
0.854675
0.425815
0.786101
0.778073
0.329886
0.0345118
0.136957
0.760921
0.063519
0.43568
0.506705
0.706991
0.483284
0.64866
0.143305
0.731788
0.308625
0.915648
0.519999
0.14022
0.956812
0.644109
0.59178
0.812915
0.774105
0.63486
0.459259
0.991126
0.182138
0.68202
0.889046
0.0231539
0.152499
0.706511
0.414443
0.332774
0.248645
0.945481
0.565206
0.0765205
0.166522
0.250259
0.907116
0.965452
0.334338
0.759
0.408634
0.721198
0.984415
0.366128
0.810509
0.969599
0.376089
0.719273
0.491696
0.619681
0.118496
0.570876
0.918026
0.940944
0.969086
0.427932
0.980158
0.940495
0.291041
0.64169
0.0886005
0.386227
0.87955
0.862095
0.13099
0.106048
0.0181565
0.17113
0.199252
0.835305
0.175105
0.496404
0.345821
0.0715861
0.887303
0.269818
0.745555
0.629448
0.93852
0.723932
0.908384
0.891597
0.817063
0.482306
0.461005
0.106919
0.231001
0.00943981
0.519999
0.413366
0.465814
0.224784
0.354249
0.489159
0.527073
0.457314
0.317766
0.180378
0.488036
0.221325
0.597516
0.0525756
0.851391
0.457021
0.615379
0.450405
0.692711
0.255018
0.202067
0.202791
0.809025
0.930335
0.83324
0.0712064
0.32509
0.97054
0.723807
0.95189
0.416155
0.820727
0.975228
0.116317
0.988529
0.0531851
0.957506
0.476753
0.82941
0.11605
0.927081
0.257872
0.930836
0.347339
0.246897
0.955749
0.768012
0.152182
0.690831
0.480136
0.204363
0.765244
0.76452
0.909438
0.187886
0.131837
0.240661
0.346447
0.271661
0.530141
0.662953
0.969129
0.405775
0.734363
0.0415657
0.000263419
0.357558
0.517142
0.30047
0.271296
0.455839
0.746036
0.416612
0.840892
0.691271
0.91192
0.99991
0.728473
0.568869
0.361955
0.939375
0.0995493
0.225954
0.226827
0.534885
0.909913
0.900174
0.209606
0.884797
0.316531
0.513065
0.879482
0.0982086
0.283113
0.0993386
0.570505
0.345341
0.529994
0.682079
0.802605
0.737913
0.561619
0.664659
0.977742
0.545669
0.904613
0.150719
0.454671
0.839982
0.155228
0.37767
0.143026
0.104964
0.696802
0.871727
0.341169
0.530171
0.0596529
0.902575
0.40871
0.305211
0.652849
0.543064
0.299594
0.742611
0.69481
0.989384
0.196369
0.0814689
0.0459275
0.958804
0.900715
0.186104
0.511638
0.620479
0.918712
0.906846
0.666962
0.746388
0.578851
0.303629
0.0570652
0.361315
0.311145
0.297089
0.912111
0.810894
0.989482
0.854004
0.660891
0.055656
0.307898
0.698109
0.156528
0.833814
0.910605
0.968525
0.543939
0.607006
0.715252
0.378866
0.322994
0.951221
0.412896
0.492873
0.739166
0.557305
0.188248
0.0866273
0.712099
0.801919
0.995913
0.152839
0.765612
0.947175
0.866615
0.143987
0.835556
0.0657763
0.63685
0.951572
0.682153
0.299935
0.774138
0.415687
0.442676
0.325135
0.335785
0.431078
0.0370519
0.365491
0.274218
0.800763
0.0787406
0.377396
0.730928
0.475339
0.41944
0.264899
0.535996
0.363353
0.528532
0.836597
0.0186109
0.325887
0.0714755
0.380635
0.36205
0.750645
0.742496
0.719313
0.49776
0.588128
0.60632
0.0224965
0.189993
0.585213
0.114998
0.726006
0.479818
0.841995
0.193267
0.466637
0.359964
0.302605
0.651897
0.277378
0.208995
0.631597
0.0394658
0.12144
0.60663
0.807684
0.137853
0.866181
0.937439
0.0250403
0.256362
0.130474
0.021965
0.426926
0.135796
0.965201
0.940716
0.416653
0.802967
0.441228
0.932106
0.620173
0.367292
0.848528
0.886455
0.242223
0.761589
0.198096
0.0166199
0.839476
0.784252
0.262671
0.608741
0.503358
0.806243
0.0928468
0.484173
0.777531
0.632437
0.320477
0.413517
0.456552
0.991754
0.103164
0.412053
0.701673
0.14545
0.973228
0.266117
0.363453
0.950459
0.319317
0.609266
0.429238
0.626081
0.379124
0.187426
0.975746
0.672504
0.0667112
0.354868
0.43707
0.775413
0.922289
0.452612
0.718374
0.772504
0.00289218
0.778821
0.331486
0.393333
0.308392
0.839887
0.0898546
0.133065
0.802896
0.817836
0.644211
0.363023
0.434014
0.881046
0.485777
0.397693
0.505268
0.980453
0.524705
0.27147
0.0743761
0.944125
0.200112
0.193213
0.281266
0.832137
0.0472161
0.661127
0.876666
0.733997
0.552288
0.318426
0.740401
0.945568
0.883996
0.629237
0.925224
0.799557
0.0405616
0.895896
0.376802
0.320211
0.720429
0.70696
0.215273
0.46759
0.890265
0.997695
0.99694
0.67489
0.794319
0.799556
0.691245
0.757518
0.860516
0.572645
0.3366
0.191308
0.242335
0.850007
0.437849
0.293871
0.0624227
0.0302309
0.184641
0.750856
0.370371
0.788944
0.422101
0.049386
0.0681288
0.37877
0.0310906
0.916812
0.306542
0.956125
0.322988
0.351723
0.978341
0.0890369
0.608543
0.694314
0.752394
0.726324
0.112704
0.422266
0.725011
0.0970878
0.24198
0.844032
0.539343
0.758522
0.216359
0.654353
0.0334879
0.106052
0.126509
0.21139
0.602837
0.974141
0.957128
0.657161
0.0253782
0.594512
0.576013
0.136312
0.423546
0.981471
0.702008
0.869668
0.675897
0.63015
0.870339
0.694924
0.962253
0.187286
0.342896
0.839584
0.302726
0.978045
0.603315
0.0679278
0.58416
0.285556
0.896768
0.294183
0.839079
0.0735797
0.118963
0.552995
0.710542
0.390739
0.266121
0.74758
0.000429261
0.65039
0.192065
0.567012
0.231286
0.779426
0.0836753
0.675658
0.618713
0.370802
0.501718
0.337613
0.511735
0.901224
0.547902
0.319739
0.501914
0.524194
0.918203
0.170786
0.409336
0.614932
0.14072
0.952191
0.61365
0.141639
0.852025
0.485753
0.983284
0.360413
0.978021
0.937431
0.822121
0.0817701
0.36358
0.127581
0.18076
0.371993
0.847126
0.0550001
0.711123
0.121825
0.760458
0.0393928
0.522994
0.629882
0.284269
0.289657
0.85495
0.9607
0.7643
0.805497
0.434661
0.859926
0.12255
0.962228
0.398615
0.748516
0.587131
0.882804
0.188616
0.671118
0.930655
0.0885898
0.298858
0.953794
0.111026
0.665896
0.761938
0.0989935
0.77796
0.62426
0.148795
0.456373
0.390925
0.116484
0.62805
0.365778
0.39352
0.502816
0.857318
0.277861
0.260775
0.13846
0.240833
0.867144
0.432322
0.297313
0.60241
0.495134
0.931157
0.695274
0.510559
0.907153
0.958375
0.799245
0.512753
0.452789
0.595624
0.171281
0.0205881
0.534502
0.359505
0.408502
0.187523
0.884857
0.352877
0.576398
0.0386648
0.554304
0.866654
0.131008
0.89666
0.819697
0.342196
0.546643
0.38575
0.408226
0.882443
0.599556
0.744694
0.378558
0.176685
0.0573774
0.615977
0.245248
0.497592
0.298571
0.834491
0.408972
0.887318
0.861473
0.569146
0.114839
0.802867
0.54655
0.560047
0.456965
0.0426059
0.969513
0.453231
0.0241338
0.0637327
0.330799
0.681535
0.212175
0.368203
0.507357
0.769279
0.849169
0.883044
0.0904051
0.325621
0.107869
0.622748
0.351708
0.0340942
0.223973
0.953847
0.425086
0.9461
0.767221
0.926519
0.478269
0.401301
0.44446
0.0622172
0.900738
0.609044
0.561005
0.969557
0.526288
0.315058
0.834317
0.771392
0.781886
0.34407
0.470551
0.847948
0.941979
0.461623
0.437624
0.833377
0.071082
0.507797
0.250307
0.864623
0.00753975
0.0890976
0.770302
0.606929
0.00845335
0.361859
0.395995
0.964189
0.619642
0.355377
0.798868
0.583514
0.803724
0.058094
0.729731
0.276328
0.66584
0.814903
0.168577
0.288459
0.560727
0.67038
0.64479
0.706707
0.975285
0.188767
0.768228
0.639563
0.200479
0.654917
0.151248
0.368745
0.852214
0.441841
0.403306
0.782531
0.178494
0.350697
0.581704
0.909612
0.853039
0.049124
0.838613
0.211619
0.174312
0.506449
0.229961
0.411825
0.373143
0.809581
0.853707
0.825853
0.376663
0.681458
0.483706
0.943143
0.499641
0.35448
0.699512
0.113398
0.214196
0.647246
0.585603
0.220916
0.433742
0.438099
0.141201
0.386764
0.474548
0.939673
0.450679
0.610389
0.587254
0.826158
0.160517
0.933384
0.0302676
0.0357362
0.959845
0.640159
0.588878
0.599389
0.476807
0.0147814
0.643877
0.18247
0.248642
0.331548
0.822337
0.326206
0.676789
0.14905
0.813244
0.614519
0.988752
0.14532
0.903125
0.748999
0.269904
0.941558
0.83359
0.947159
0.775283
0.0215883
0.00326686
0.189341
0.774401
0.850063
0.991579
0.86742
0.568
0.514841
0.646079
0.682177
0.46024
0.317335
0.571347
0.0137539
0.775137
0.516093
0.226789
0.440845
0.504485
0.477075
0.0952718
0.346534
0.943042
0.12433
0.590958
0.923308
0.522897
0.972247
0.704847
0.279929
0.505856
0.163305
0.793876
0.483321
0.144535
0.810113
0.485457
0.0221847
0.429751
0.9485
0.567765
0.988648
0.137035
0.48939
0.488578
0.443396
0.921504
0.856649
0.252931
0.524868
0.821681
0.254053
0.710458
0.833613
0.115995
0.222991
0.523895
0.594647
0.598206
0.129458
0.0902343
0.525876
0.0344012
0.275069
0.310972
0.552491
0.462353
0.624314
0.481898
0.64392
0.130112
0.690284
0.0052555
0.0834896
0.726806
0.298429
0.682922
0.369902
0.0425328
0.726286
0.0186645
0.0168373
0.301912
0.982753
0.703717
0.470543
0.150608
0.469997
0.0414592
0.894137
0.906397
0.240393
0.0610972
0.187252
0.0840625
0.965412
0.702537
0.240077
0.170832
0.102227
0.0525286
0.661451
0.221326
0.0945642
0.850674
0.851474
0.787617
0.975701
0.20877
0.919627
0.947174
0.0990477
0.337594
0.601612
0.654204
0.279792
0.131718
0.531074
0.264088
0.509856
0.748805
0.197579
0.979153
0.967445
0.56337
0.541469
0.026808
0.800997
0.632507
0.698295
0.0042639
0.213576
0.929139
0.0301624
0.175182
0.205831
0.863536
0.345399
0.555828
0.742579
0.574531
0.468036
0.427127
0.930406
0.710735
0.96076
0.429012
0.920013
0.690636
0.164866
0.0455183
0.745786
0.066331
0.314649
0.247037
0.487484
0.66041
0.246821
0.997475
0.650054
0.725225
0.369097
0.367044
0.946051
0.938404
0.636808
0.473405
0.226754
0.545762
0.0770051
0.73965
0.463981
0.536098
0.151011
0.556266
0.330626
0.934309
0.261709
0.834808
0.31828
0.879687
0.626909
0.619382
0.272946
0.889051
0.90433
0.000568199
0.0376679
0.327837
0.830871
0.612216
0.572697
0.153611
0.673414
0.247535
0.346937
0.777835
0.312546
0.131172
0.943919
0.797473
0.108613
0.51074
0.668854
0.108316
0.801116
0.839143
0.578753
0.766152
0.325508
0.754835
0.778504
0.840428
0.0689803
0.260614
0.453657
0.904976
0.351083
0.623257
0.795579
0.875374
0.0408512
0.883234
0.423384
0.695876
0.126823
0.337363
0.784563
0.424748
0.506833
0.381161
0.142825
0.41147
0.891789
0.521029
0.39899
0.0769617
0.996867
0.40409
0.547897
0.71171
0.162848
0.773712
0.767278
0.348932
0.798733
0.810169
0.410821
0.544549
0.838535
0.584266
0.689775
0.168079
0.885341
0.926004
0.790119
0.667647
0.739863
0.0885816
0.702634
0.422334
0.360208
0.192588
0.498795
0.454928
0.0655359
0.125737
0.153229
0.142048
0.663206
0.0587567
0.524169
0.0257882
0.135175
0.140722
0.443337
0.00794512
0.14189
0.843811
0.56672
0.258381
0.0411585
0.0544896
0.628374
0.226529
0.45953
0.535189
0.467236
0.362295
0.989945
0.727771
0.413148
0.101867
0.466097
0.235734
0.0160431
0.864152
0.288702
0.205138
0.82013
0.322213
0.567355
0.428942
0.664981
0.448463
0.157905
0.60608
0.83903
0.121976
0.480678
0.798068
0.0380485
0.4718
0.462134
0.916305
0.586249
0.702748
0.272416
0.00255053
0.703952
0.794504
0.778609
0.324092
0.872762
0.440401
0.182994
0.928948
0.454239
0.608489
0.0335653
0.834521
0.551569
0.219106
0.0176359
0.123799
0.726775
0.53337
0.703754
0.116778
0.977845
0.0542782
0.0195412
0.0642419
0.269091
0.820206
0.682323
0.946692
0.186469
0.58594
0.537396
0.471229
0.471729
0.710054
0.876034
0.579204
0.932714
0.00533745
0.29983
0.643066
0.653379
0.432192
0.000679689
0.295489
0.635362
0.672638
0.845959
0.151574
0.950447
0.00541754
0.893707
0.911945
0.911367
0.671427
0.571385
0.279824
0.749046
0.850521
0.0334137
0.991515
0.444319
0.953989
0.677771
0.925692
0.281353
0.131885
0.692589
0.685926
0.67969
0.190546
0.542061
0.323269
0.111844
0.941571
0.270276
0.0112919
0.0426385
0.234249
0.731206
0.624156
0.140509
0.0426382
0.130505
0.289976
0.607996
0.388837
0.699293
0.252402
0.657411
0.528647
0.781892
0.197672
0.506765
0.0985558
0.0887974
0.32396
0.685775
0.978513
0.339215
0.76091
0.227625
0.610875
0.255594
0.576599
0.459013
0.850314
0.636677
0.310717
0.673625
0.129514
0.0182269
0.548949
0.789999
0.592328
0.11249
0.423403
0.10895
0.575744
0.60539
0.641989
0.0352663
0.00857421
0.562592
0.87265
0.726245
0.392766
0.901718
0.0639415
0.70259
0.0511861
0.249134
0.107594
0.21065
0.722082
0.756733
0.617144
0.148674
0.258268
0.414979
0.701243
0.536419
0.498946
0.819928
0.28203
0.124673
0.908772
0.656729
0.290933
0.270948
0.0329471
0.87545
0.89801
0.0606705
0.180995
0.94743
0.576078
0.409053
0.877128
0.987928
0.157873
0.61449
0.0700579
0.102629
0.166371
0.762473
0.342048
0.216453
0.0808484
0.224077
0.962133
0.838821
0.20652
0.59373
0.946573
0.455211
0.0955287
0.694875
0.262125
0.649951
0.0879266
0.501792
0.703626
0.294876
0.658583
0.80767
0.688027
0.298507
0.936013
0.404914
0.130882
0.238257
0.164405
0.66027
0.887117
0.673558
0.466744
0.110871
0.211586
0.412527
0.430376
0.629855
0.00445265
0.300982
0.602246
0.548991
0.893904
0.598203
0.616642
0.287887
0.444908
0.614847
0.837698
0.403724
0.935833
0.681299
0.795628
0.704191
0.330562
0.888099
0.597931
0.594573
0.112035
0.498452
0.929626
0.449655
0.32538
0.351183
0.127257
0.311478
0.401472
0.468107
0.42478
0.667826
0.217906
0.726687
0.736574
0.260283
0.0918954
0.844226
0.237407
0.271402
0.832484
0.205492
0.927222
0.16124
0.772051
0.345184
0.704697
0.786239
0.536985
0.414474
0.201578
0.669043
0.214765
0.381566
0.0918741
0.0437491
0.83542
0.0192847
0.734944
0.857352
0.0284869
0.931629
0.0451051
0.94641
0.300933
0.773428
0.259279
0.88904
0.423655
0.717944
0.302675
0.283819
0.469784
0.812791
0.585177
0.965811
0.696867
0.89562
0.194509
0.383484
0.862308
0.00706703
0.373535
0.789438
0.309775
0.381054
0.520607
0.254866
0.881054
0.204787
0.277727
0.0061488
0.951707
0.808089
0.73431
0.456987
0.711765
0.118414
0.60864
0.603425
0.432767
0.236011
0.796501
0.539499
0.816252
0.305806
0.686028
0.945354
0.109035
0.302272
0.823288
0.731093
0.522598
0.397216
0.0313161
0.500093
0.646456
0.228623
0.755269
0.258198
0.159947
0.45907
0.529458
0.0595074
0.913171
0.337675
0.290702
0.459802
0.207294
0.102324
0.486261
0.951777
0.811646
0.875532
0.96399
0.816501
0.705332
0.432178
0.550854
0.727815
0.633936
0.0525118
0.720479
0.259357
0.0928869
0.238761
0.645027
0.620302
0.437395
0.365645
0.980004
0.251124
0.247316
0.860203
0.670574
0.443969
0.16011
0.260756
0.810086
0.325799
0.881375
0.580295
0.353244
0.0381021
0.908647
0.0909119
0.671652
0.911721
0.423299
0.868231
0.968402
0.578914
0.227052
0.37227
0.851487
0.0194433
0.658083
0.79062
0.310435
0.667931
0.469136
0.336862
0.150306
0.401192
0.472925
0.767235
0.373717
0.545235
0.0559126
0.383092
0.508189
0.101475
0.568314
0.812845
0.396286
0.0441133
0.702235
0.0537413
0.25514
0.918891
0.384888
0.305067
0.780328
0.416799
0.0353161
0.708702
0.0999265
0.12762
0.0640372
0.991866
0.584887
0.00867384
0.962849
0.947319
0.236184
0.0683495
0.0999184
0.43028
0.592055
0.571702
0.0414
0.0816936
0.13216
0.50062
0.173128
0.287789
0.0577909
0.0437191
0.0618298
0.135605
0.135174
0.772363
0.397615
0.757756
0.64805
0.783086
0.110397
0.247822
0.233807
0.286282
0.325069
0.443209
0.830823
0.280447
0.0810846
0.148831
0.829462
0.70916
0.120091
0.843663
0.85964
0.00324669
0.260175
0.620037
0.84805
0.0572836
0.219683
0.367222
0.0688736
0.0343287
0.154629
0.224979
0.295257
0.198479
0.296509
0.322854
0.572475
0.181635
0.57566
0.378538
0.722897
0.293061
0.533331
0.213781
0.853773
0.224008
0.679528
0.784793
0.11901
0.387716
0.404057
0.395436
0.779477
0.925633
0.46891
0.357648
0.952815
0.797957
0.780228
0.164275
0.620368
0.682562
0.00737254
0.905912
0.940412
0.356379
0.138944
0.660973
0.419728
0.883879
0.536856
0.488828
0.441086
0.406274
0.131578
0.272486
0.880692
0.995893
0.20463
0.703905
0.21126
0.186045
0.819353
0.694108
0.582188
0.83533
0.108233
0.84741
0.429054
0.417223
0.0533787
0.652941
0.488926
0.0987207
0.985697
0.141307
0.62158
0.678087
0.966317
0.526806
0.994031
0.261073
0.823138
0.759397
0.662972
0.382203
0.854696
0.00238929
0.898991
0.610782
0.859299
0.698573
0.0302946
0.586071
0.956815
0.126724
0.0815639
0.46652
0.74559
0.756964
0.559607
0.227413
0.128103
0.344975
0.789241
0.899292
0.68549
0.831637
0.825306
0.901783
0.560584
0.445268
0.477053
0.273125
0.536496
0.610208
0.599023
0.886414
0.392422
0.357374
0.540717
0.168331
0.502866
0.557446
0.815195
0.515744
0.476251
0.839934
0.550313
0.377055
0.557571
0.498543
0.482183
0.891913
0.584542
0.218757
0.742476
0.912934
0.69197
0.336178
0.169971
0.395001
0.80799
0.809432
0.772365
0.121194
0.345659
0.414357
0.363301
0.834306
0.703065
0.763474
0.326904
0.75173
0.180734
0.963487
0.106074
0.0524003
0.462658
0.951831
0.251121
0.00501807
0.0661504
0.823467
0.105391
0.719473
0.414995
0.117592
0.888435
0.41999
0.334669
0.492396
0.418202
0.738082
0.487426
0.989796
0.728502
0.741667
0.00630541
0.522901
0.102271
0.153158
0.76423
0.0724594
0.301733
0.586784
0.0987898
0.372046
0.636565
0.72525
0.635774
0.852179
0.464685
0.942648
0.109663
0.223298
0.553321
0.54372
0.644894
0.217944
0.590922
0.449104
0.264141
0.299295
0.419055
0.12223
0.709507
0.671672
0.466625
0.128138
0.620223
0.0700483
0.88657
0.488238
0.261508
0.0401976
0.572746
0.859643
0.614551
0.502336
0.0235376
0.656291
0.478984
0.622074
0.819864
0.899643
0.826057
0.886322
0.110384
0.92341
0.515415
0.381733
0.884383
0.0174789
0.448861
0.991364
0.0983617
0.644838
0.412738
0.916423
0.443568
0.444828
0.518019
0.366917
0.145819
0.0271938
0.470916
0.569658
0.817423
0.844835
0.597625
0.892793
0.893287
0.887333
0.160939
0.976392
0.285653
0.15847
0.0160291
0.51807
0.162258
0.219872
0.951677
0.540079
0.553241
0.203947
0.977673
0.806728
0.367882
0.877745
0.0921029
0.970444
0.909909
0.808236
0.575982
0.868302
0.242476
0.728431
0.967916
0.557982
0.435139
0.904469
0.529675
0.429358
0.0756616
0.456022
0.102626
0.402079
0.859175
0.761121
0.462196
0.323638
0.196011
0.458933
0.903845
0.326325
0.883425
0.0295086
0.575133
0.726451
0.814448
0.893662
0.568371
0.612148
0.666982
0.0498162
0.182738
0.555662
0.824009
0.349132
0.451514
0.299786
0.9469
0.312687
0.258443
0.074229
0.214727
0.134539
0.0253087
0.443224
0.77507
0.145512
0.73578
0.41806
0.635756
0.668262
0.306276
0.787659
0.18335
0.655875
0.439938
0.563331
0.77835
0.2548
0.466485
0.495287
0.787303
0.306063
0.509747
0.654483
0.554023
0.702069
0.40569
0.0380361
0.13623
0.338523
0.318296
0.443768
0.638646
0.0242243
0.370717
0.0759095
0.440572
0.0838553
0.942938
0.471264
0.719404
0.179006
0.782763
0.615377
0.726826
0.104809
0.488711
0.621852
0.478881
0.353782
0.400668
0.792618
0.644545
0.587565
0.837876
0.898181
0.980574
0.102328
0.698358
0.433267
0.23139
0.766041
0.0893582
0.855362
0.0174545
0.0344521
0.846508
0.0959296
0.0575645
0.96339
0.923817
0.863024
0.372297
0.505565
0.457644
0.160808
0.0349779
0.520912
0.814817
0.843884
0.33194
0.802193
0.782274
0.231989
0.292995
0.386652
0.0118679
0.250396
0.923406
0.554794
0.00119436
0.964596
0.461672
0.643331
0.0733208
0.672781
0.196486
0.168593
0.480907
0.623647
0.172016
0.591405
0.232993
0.263417
0.613616
0.765275
0.630695
0.829128
0.110356
0.266704
0.576507
0.532193
0.958531
0.127494
0.610494
0.718326
0.588467
0.171
0.257839
0.0705636
0.831452
0.324259
0.159691
0.711522
0.449704
0.55013
0.498471
0.462859
0.746442
0.996655
0.0250623
0.0785089
0.940513
0.354799
0.952233
0.840341
0.496087
0.106239
0.848184
0.339483
0.21829
0.880515
0.968283
0.645424
0.855597
0.191056
0.502024
0.869991
0.662709
0.947828
0.305793
0.460105
0.666776
0.527018
0.250272
0.381887
0.844272
0.0694989
0.464209
0.490366
0.0373552
0.425766
0.938241
0.581018
0.591118
0.11369
0.561364
0.835038
0.86481
0.100848
0.166007
0.288963
0.664459
0.68018
0.598233
0.884653
0.468957
0.697948
0.348939
0.149383
0.644481
0.661513
0.0219635
0.0611947
0.590783
0.0618261
0.128369
0.0354359
0.0381248
0.328958
0.639571
0.673916
0.837804
0.152003
0.344106
0.0951152
0.267133
0.445543
0.0119377
0.251324
0.56392
0.714983
0.424437
0.872006
0.59373
0.69247
0.853552
0.248756
0.678679
0.262778
0.837654
0.303094
0.833054
0.830166
0.588459
0.968081
0.0832471
0.30367
0.937067
0.0780932
0.395887
0.593447
0.563989
0.8446
0.817328
0.78209
0.853728
0.899476
0.287652
0.514251
0.343715
0.967527
0.151344
0.406545
0.284964
0.701423
0.923858
0.199362
0.571778
0.775772
0.910556
0.139708
0.254228
0.602141
0.540705
0.480169
0.337782
0.790133
0.267833
0.467966
0.920619
0.587283
0.203816
0.186619
0.202416
0.854841
0.970123
0.561975
0.544574
0.624578
0.677938
0.595414
0.906509
0.995262
0.166721
0.0291017
0.648401
0.904611
0.257738
0.798996
0.50916
0.564216
0.320863
0.812918
0.385409
0.877021
0.862759
0.799367
0.603839
0.0844114
0.341688
0.853924
0.944228
0.438203
0.299847
0.960928
0.565581
0.0307046
0.126735
0.521525
0.433749
0.665963
0.62694
0.887393
0.454016
0.142091
0.638422
0.312254
0.278426
0.053517
0.171536
0.877783
0.459289
0.884875
0.913683
0.68504
0.790489
0.994759
0.453665
0.875462
0.332068
0.624096
0.101536
0.478598
0.624508
0.152388
0.344946
0.665687
0.474848
0.263229
0.0232585
0.890267
0.111951
0.441002
0.0783065
0.271964
0.860934
0.33527
0.983245
0.999129
0.467393
0.933489
0.284126
0.146619
0.720391
0.462561
0.649416
0.213879
0.511408
0.803431
0.689256
0.133887
0.916405
0.35814
0.726233
0.685562
0.82929
0.562725
0.408954
0.326512
0.752831
0.817322
0.674384
0.215856
0.802096
0.124639
0.652566
0.283266
0.0375578
0.214473
0.279972
0.60123
0.264668
0.951381
0.327503
0.521629
0.674468
0.273305
0.653416
0.30233
0.117012
0.299179
0.18157
0.526822
0.214051
0.135848
0.405322
0.472588
0.825018
0.785755
0.761626
0.319709
0.233903
0.343125
0.665163
0.436694
0.0976497
0.374174
0.41504
0.611527
0.348083
0.255047
0.120761
0.245483
0.545779
0.916861
0.761097
0.796312
0.0778315
0.693621
0.536957
0.134658
0.212902
0.416338
0.803055
0.51117
0.884579
0.22573
0.263381
0.341643
0.387563
0.296435
0.683695
0.280331
0.8436
0.553423
0.334006
0.173336
0.0587881
0.188113
0.0644342
0.718953
0.135231
0.451508
0.820445
0.360211
0.3121
0.944274
0.551972
0.906167
0.546131
0.180215
0.164356
0.831452
0.597406
0.668694
0.292196
0.212174
0.226373
0.251439
0.285313
0.604949
0.185906
0.33096
0.617814
0.648983
0.384221
0.651125
0.590851
0.697023
0.223869
0.29225
0.649021
0.855151
0.00678579
0.610785
0.3255
0.781721
0.296811
0.492775
0.0815308
0.977882
0.178519
0.737533
0.914704
0.831495
0.673737
0.862713
0.715799
0.310082
0.926571
0.175123
0.0355404
0.0464106
0.742693
0.899991
0.500425
0.857858
0.128944
0.0383337
0.34553
0.46704
0.194757
0.490821
0.192112
0.297989
0.483571
0.767962
0.845359
0.510365
0.20909
0.445495
0.18312
0.961613
0.559056
0.540436
0.52574
0.886794
0.432642
0.547407
0.828645
0.43021
0.708657
0.278346
0.937646
0.793411
0.885976
0.804376
0.997596
0.747043
0.76065
0.114993
0.388495
0.149046
0.325374
0.123319
0.641519
0.810849
0.422005
0.26569
0.237037
0.965961
0.526734
0.499329
0.725555
0.315883
0.662874
0.995087
0.283568
0.226522
0.630873
0.810122
0.950363
0.30056
0.0838596
0.903559
0.851803
0.63919
0.734813
0.588293
0.53342
0.152406
0.553161
0.732856
0.0573678
0.298803
0.626594
0.327281
0.926542
0.526947
0.00114316
0.543517
0.837144
0.968869
0.836807
0.0292797
0.749554
0.592484
0.694843
0.122803
0.221259
0.584782
0.604455
0.691537
0.356161
0.149259
0.35181
0.551234
0.243412
0.214016
0.259808
0.885187
0.469066
0.940001
0.652216
0.910265
0.789266
0.163341
0.669916
0.00345667
0.148057
0.69513
0.618996
0.873545
0.960194
0.0190624
0.240973
0.650354
0.425671
0.89191
0.243756
0.98489
0.572836
0.185669
0.267005
0.995275
0.641492
0.907923
0.383562
0.60982
0.33947
0.115153
0.950511
0.136329
0.0913712
0.434437
0.123011
0.719111
0.206101
0.0444956
0.586191
0.679542
0.712625
0.577439
0.655323
0.608504
0.204342
0.489389
0.972487
0.737954
0.187517
0.779779
0.215712
0.825832
0.557144
0.372128
0.497685
0.0993292
0.474605
0.515074
0.432279
0.196683
0.499631
0.644001
0.723989
0.959163
0.263244
0.322724
0.297512
0.282765
0.796605
0.547785
0.229987
0.566227
0.512537
0.965409
0.0859766
0.9965
0.0737033
0.931
0.271811
0.876099
0.972103
0.234162
0.415044
0.572148
0.728622
0.174833
0.676567
0.0510123
0.463822
0.342441
0.209449
0.0404569
0.513348
0.513542
0.80977
0.0612711
0.346825
0.29874
0.216633
0.216811
0.823543
0.214025
0.99786
0.672564
0.703849
0.657529
0.612497
0.313776
0.209498
0.12075
0.90401
0.0183648
0.319019
0.279807
0.452855
0.346371
0.515618
0.293227
0.574688
0.787754
0.620357
0.849296
0.683276
0.00161515
0.491513
0.0116154
0.0320788
0.0526351
0.513474
0.0708291
0.52454
0.0738512
0.936172
0.347096
0.971492
0.254108
0.646981
0.761197
0.218239
0.560552
0.284276
0.640308
0.689263
0.211392
0.241714
0.0281568
0.441178
0.231978
0.0828387
0.112323
0.510736
0.287355
0.559054
0.816857
0.937838
0.120487
0.852427
0.823497
0.373402
0.900543
0.668036
0.851684
0.200121
0.660748
0.0603492
0.83306
0.683768
0.624673
0.218689
0.230066
0.166007
0.185219
0.223229
0.66402
0.846561
0.541307
0.590853
0.0653824
0.269591
0.542439
0.142861
0.915876
0.463109
0.621345
0.132851
0.549929
0.600117
0.276095
0.710237
0.232624
0.564671
0.950997
0.0751875
0.850106
0.966794
0.120917
0.322256
0.54257
0.682439
0.419238
0.476192
0.194265
0.343141
0.854982
0.998906
0.252471
0.639296
0.261818
0.208178
0.874641
